  0.696035 	 0.606524 	 0.384272 
  0.722201 	 -0.609613 	 0.326799 
  0.718088 	 -0.695369 	 -0.028482 
  -0.840889 	 -0.300141 	 -0.450357 
  0.821714 	 -0.413045 	 -0.392657 
  -0.867555 	 0.318501 	 -0.381976 
  -0.046551 	 -0.576840 	 0.815530 
  -0.906265 	 0.103169 	 0.409926 
  -0.505236 	 0.814223 	 -0.285967 
  -0.332078 	 -0.195587 	 0.922751 
  -0.863570 	 -0.010140 	 0.504127 
  -0.563994 	 -0.370873 	 0.737810 
  -0.307736 	 0.021689 	 0.951224 
  -0.838086 	 0.537202 	 -0.095000 
  0.548633 	 -0.009940 	 0.836004 
  0.772344 	 -0.488928 	 0.405505 
  0.566065 	 -0.619982 	 -0.543316 
  -0.912940 	 0.385477 	 -0.133971 
  -0.781320 	 0.065039 	 0.620733 
  0.789652 	 -0.366715 	 0.491905 
  0.816211 	 -0.495896 	 0.296455 
  -0.224454 	 -0.695920 	 0.682141 
  0.054953 	 -0.814055 	 -0.578183 
  -0.056341 	 0.988198 	 -0.142445 
  -0.640655 	 0.732206 	 -0.231161 
  0.769013 	 -0.275845 	 -0.576653 
  -0.220123 	 0.213236 	 -0.951880 
  0.999361 	 0.031361 	 -0.017173 
  -0.015511 	 -0.633371 	 0.773693 
  0.662880 	 0.748378 	 -0.022794 
  -0.865945 	 0.157634 	 -0.474648 
  -0.562203 	 -0.487473 	 0.668055 
  -0.682208 	 -0.497822 	 0.535505 
  -0.614831 	 0.356603 	 0.703432 
  0.640306 	 0.033846 	 -0.767374 
  0.587669 	 0.204393 	 0.782859 
  0.421468 	 0.213294 	 0.881402 
  -0.902460 	 0.163231 	 -0.398650 
  -0.087725 	 -0.933273 	 -0.348290 
  -0.827427 	 -0.390798 	 0.403288 
  0.786305 	 0.617729 	 0.011598 
  -0.157246 	 -0.190988 	 -0.968915 
  -0.021488 	 0.970383 	 -0.240614 
  0.189871 	 -0.688088 	 0.700345 
  -0.368512 	 -0.347831 	 -0.862098 
  -0.928722 	 0.049769 	 0.367421 
  -0.271168 	 0.665426 	 -0.695469 
  -0.658237 	 -0.234345 	 0.715406 
  0.989722 	 -0.103050 	 0.099147 
  0.578948 	 0.689234 	 -0.435634 
  0.388402 	 0.918720 	 -0.071396 
  -0.414568 	 -0.780189 	 -0.468442 
  0.328287 	 0.427120 	 0.842494 
  -0.140383 	 -0.253909 	 0.956986 
  -0.425618 	 -0.410809 	 0.806279 
  0.691753 	 0.662252 	 0.287924 
  0.277910 	 0.082936 	 -0.957020 
  -0.664600 	 -0.736631 	 -0.125226 
  0.717242 	 -0.463652 	 0.520184 
  0.998757 	 -0.039768 	 0.030064 
  -0.653134 	 -0.309775 	 0.690981 
  0.169921 	 0.226440 	 0.959089 
  0.179121 	 -0.982623 	 0.048653 
  -0.593806 	 0.628392 	 -0.502512 
  -0.673162 	 0.341305 	 0.656021 
  0.390502 	 -0.178451 	 0.903141 
  0.888416 	 -0.449663 	 -0.092309 
  -0.348132 	 0.873624 	 0.339976 
  -0.454204 	 -0.886504 	 0.088372 
  -0.406260 	 -0.276416 	 -0.870946 
  0.313995 	 -0.553865 	 -0.771130 
  -0.448284 	 0.113216 	 -0.886692 
  0.284658 	 0.170263 	 0.943388 
  -0.059259 	 0.372159 	 -0.926275 
  -0.230198 	 -0.933842 	 -0.273766 
  0.296301 	 -0.856106 	 0.423424 
  -0.047786 	 0.681773 	 -0.730001 
  -0.173947 	 -0.393358 	 0.902780 
  0.841700 	 0.049892 	 -0.537636 
  -0.855570 	 -0.500321 	 -0.132963 
  -0.907501 	 -0.266771 	 0.324461 
  0.093740 	 -0.882625 	 0.460637 
  -0.850752 	 -0.214539 	 -0.479786 
  0.512121 	 0.808675 	 -0.289441 
  0.347252 	 -0.297953 	 -0.889180 
  0.741542 	 -0.391387 	 0.544915 
  0.975349 	 0.178855 	 0.129249 
  -0.360358 	 -0.226525 	 -0.904892 
  -0.653372 	 0.561869 	 -0.507354 
  0.974014 	 -0.196880 	 -0.111960 
  0.433977 	 0.886413 	 0.161048 
  -0.961319 	 0.243625 	 0.128502 
  -0.645986 	 -0.159363 	 0.746529 
  -0.408079 	 -0.191192 	 0.892702 
  -0.488121 	 0.871506 	 0.047060 
  -0.234977 	 -0.112064 	 -0.965519 
  -0.769580 	 -0.625388 	 -0.128985 
  -0.898754 	 -0.176345 	 -0.401428 
  0.757813 	 0.294539 	 0.582209 
  -0.617059 	 -0.574212 	 -0.538070 
  0.927239 	 0.158562 	 0.339244 
  -0.174508 	 -0.834250 	 -0.523043 
  0.729821 	 -0.674340 	 -0.112367 
  -0.209200 	 -0.920192 	 0.330882 
  0.472211 	 0.357249 	 -0.805847 
  0.012103 	 -0.977485 	 -0.210657 
  -0.921049 	 -0.275059 	 -0.275701 
  -0.330166 	 0.618592 	 -0.712976 
  0.440775 	 -0.596592 	 -0.670668 
  0.317168 	 -0.881593 	 0.349568 
  0.414141 	 -0.885694 	 -0.209842 
  -0.181061 	 0.981458 	 0.062905 
  -0.820124 	 -0.007246 	 0.572140 
  -0.322464 	 0.825850 	 -0.462590 
  -0.554531 	 0.079931 	 -0.828316 
  0.694735 	 0.062855 	 -0.716514 
  0.236110 	 -0.893041 	 0.383052 
  0.993398 	 0.096343 	 -0.062272 
  -0.214061 	 0.967306 	 0.136006 
  -0.263803 	 0.938705 	 0.221904 
  -0.968779 	 0.034992 	 0.245444 
  0.763682 	 0.552130 	 -0.334579 
  0.330749 	 0.026703 	 -0.943341 
  -0.114245 	 0.926993 	 -0.357257 
  -0.054965 	 0.998430 	 0.010743 
  -0.484770 	 0.865718 	 0.124620 
  -0.902665 	 0.378852 	 0.204124 
  0.414532 	 0.134150 	 0.900093 
  -0.546414 	 0.837340 	 0.017150 
  0.733281 	 -0.634093 	 -0.245407 
  0.606458 	 0.048232 	 0.793652 
  0.851209 	 -0.524816 	 0.003383 
  -0.814926 	 0.578995 	 -0.025694 
  -0.334277 	 -0.744576 	 0.577812 
  -0.526951 	 0.737217 	 -0.422887 
  -0.762596 	 -0.131367 	 0.633396 
  -0.532228 	 -0.612136 	 0.584828 
  -0.017575 	 -0.086657 	 0.996083 
  -0.746560 	 -0.398828 	 -0.532527 
  -0.602549 	 -0.106657 	 0.790923 
  0.172225 	 0.857841 	 -0.484198 
  -0.815420 	 0.474872 	 0.331038 
  -0.036816 	 -0.956812 	 -0.288366 
  0.792224 	 0.551153 	 -0.261937 
  -0.589168 	 0.682475 	 -0.432560 
  0.865384 	 0.330005 	 0.377104 
  -0.101475 	 -0.635459 	 0.765437 
  -0.728106 	 0.346624 	 0.591366 
  0.659401 	 0.157995 	 0.735002 
  0.560519 	 -0.767922 	 -0.310024 
  0.259218 	 -0.916191 	 0.305616 
  -0.139412 	 -0.873845 	 -0.465789 
  0.808980 	 0.422982 	 -0.408213 
  -0.417149 	 0.224242 	 0.880740 
  0.389165 	 -0.862454 	 0.323611 
  0.925267 	 0.277232 	 -0.258888 
  0.182541 	 -0.472050 	 0.862466 
  -0.632114 	 0.480023 	 0.608285 
  0.869452 	 0.391179 	 0.301717 
  -0.336614 	 -0.825301 	 0.453397 
  0.112335 	 0.951272 	 0.287164 
  -0.329918 	 0.304159 	 -0.893667 
  0.958645 	 0.130284 	 -0.253032 
  0.885423 	 -0.039122 	 0.463136 
  -0.115029 	 -0.990432 	 0.076240 
  -0.558625 	 0.446161 	 0.699198 
  -0.956670 	 -0.132013 	 0.259529 
  -0.628557 	 -0.695092 	 0.348944 
  0.535648 	 0.815634 	 0.218683 
  0.595827 	 0.801881 	 -0.044460 
  -0.397675 	 -0.402343 	 -0.824606 
  0.070672 	 -0.930670 	 -0.358970 
  0.138954 	 -0.739665 	 0.658473 
  0.663511 	 -0.222301 	 0.714377 
  -0.353479 	 -0.397612 	 0.846734 
  -0.260483 	 0.530803 	 0.806472 
  0.536065 	 -0.842559 	 0.052249 
  0.131375 	 0.056628 	 -0.989714 
  -0.454912 	 0.791266 	 0.408599 
  0.384650 	 -0.430146 	 -0.816712 
  0.541016 	 0.069931 	 0.838100 
  0.027321 	 -0.862803 	 0.504802 
  -0.625172 	 0.301133 	 -0.720055 
  -0.931563 	 -0.120158 	 0.343150 
  -0.045796 	 0.899141 	 0.435256 
  -0.907091 	 -0.396843 	 0.140363 
  -0.862989 	 0.504022 	 -0.034807 
  -0.393861 	 0.564341 	 -0.725529 
  0.545640 	 -0.578497 	 0.606315 
  0.869900 	 -0.469605 	 0.150817 
  -0.367325 	 0.871055 	 -0.326092 
  0.203216 	 -0.056470 	 -0.977504 
  -0.305419 	 0.908635 	 0.284785 
  -0.475105 	 -0.135567 	 -0.869424 
  -0.576158 	 0.165323 	 -0.800444 
  0.689915 	 -0.023719 	 -0.723501 
  0.430443 	 -0.033411 	 0.901999 
  -0.429963 	 -0.038498 	 0.902026 
  0.935019 	 0.346119 	 -0.077081 
  0.647966 	 0.619278 	 0.443435 
  0.779974 	 -0.598770 	 0.181977 
  -0.499478 	 -0.758518 	 0.418536 
  -0.676030 	 0.667071 	 0.313049 
  0.146187 	 0.922089 	 -0.358302 
  0.727611 	 -0.558363 	 0.398513 
  0.944230 	 -0.305052 	 0.123990 
  -0.165346 	 0.035486 	 -0.985597 
  -0.951898 	 -0.191001 	 -0.239603 
  -0.325929 	 0.828794 	 0.454830 
  0.768228 	 0.042967 	 0.638732 
  -0.934717 	 0.311585 	 0.170934 
  -0.340271 	 -0.523125 	 -0.781381 
  0.532966 	 -0.770407 	 0.349886 
  0.595520 	 0.783400 	 -0.177879 
  -0.630135 	 0.187355 	 0.753544 
  -0.024652 	 -0.828545 	 0.559379 
  -0.164805 	 0.972966 	 -0.161792 
  -0.972783 	 -0.183559 	 0.141419 
  -0.090700 	 -0.356733 	 -0.929793 
  -0.883660 	 0.456782 	 -0.102446 
  -0.950470 	 0.195802 	 -0.241388 
  0.460076 	 -0.735511 	 -0.497346 
  -0.835164 	 0.094312 	 -0.541855 
  0.883327 	 0.046212 	 -0.466473 
  -0.114939 	 -0.835138 	 0.537897 
  0.864254 	 0.346891 	 -0.364323 
  0.607520 	 -0.036065 	 0.793485 
  0.118712 	 -0.956620 	 0.266057 
  0.583357 	 0.734494 	 0.346718 
  0.221626 	 0.956327 	 -0.190577 
  0.087393 	 -0.782510 	 0.616475 
  -0.530729 	 -0.179879 	 -0.828234 
  0.448952 	 0.344481 	 0.824485 
  0.231297 	 -0.954220 	 -0.189649 
  -0.119601 	 0.875393 	 -0.468383 
  0.667605 	 -0.353660 	 0.655155 
  0.089441 	 -0.627944 	 -0.773102 
  -0.701883 	 0.561659 	 0.438064 
  0.818366 	 -0.446099 	 0.362316 
  0.831156 	 0.350623 	 -0.431560 
  -0.566162 	 0.615015 	 0.548833 
  -0.589501 	 -0.312522 	 -0.744861 
  -0.026459 	 -0.163601 	 0.986172 
  0.142476 	 0.391329 	 -0.909155 
  0.150926 	 0.984399 	 0.090448 
  0.844685 	 0.472339 	 -0.251798 
  0.177435 	 -0.924954 	 0.336120 
  -0.556468 	 0.163167 	 0.814690 
  0.277701 	 -0.849681 	 -0.448245 
  0.779633 	 -0.195266 	 -0.595016 
  0.010712 	 -0.989043 	 0.147239 
  -0.292223 	 0.902501 	 -0.316382 
  0.904335 	 0.348915 	 0.245840 
  -0.939186 	 0.329770 	 0.095823 
  0.505103 	 -0.064416 	 0.860652 
  0.512794 	 -0.448277 	 -0.732182 
  -0.637668 	 -0.738144 	 0.220279 
  0.523292 	 0.696431 	 -0.491069 
  -0.269024 	 -0.959185 	 0.087126 
  0.904377 	 -0.093825 	 -0.416292 
  -0.182565 	 0.572542 	 0.799291 
  -0.077762 	 0.572374 	 0.816297 
  -0.573619 	 -0.812169 	 0.106503 
  -0.237852 	 0.447437 	 0.862106 
  0.625885 	 -0.669247 	 0.400469 
  -0.616630 	 0.094597 	 -0.781549 
  -0.956348 	 0.116419 	 -0.268039 
  0.086872 	 -0.688379 	 -0.720130 
  -0.799283 	 0.530105 	 -0.283083 
  -0.314675 	 0.692148 	 0.649547 
  0.930345 	 -0.192377 	 0.312168 
  -0.452276 	 -0.323929 	 -0.830973 
  -0.507442 	 -0.853034 	 0.121801 
  0.613556 	 -0.172819 	 0.770508 
  -0.296754 	 -0.850039 	 -0.435167 
  -0.962508 	 -0.257709 	 0.084645 
  0.692115 	 -0.060572 	 0.719241 
  -0.053585 	 0.816194 	 -0.575288 
  -0.126946 	 0.668993 	 -0.732348 
  0.372476 	 -0.098783 	 0.922769 
  -0.295210 	 -0.946326 	 -0.131598 
  -0.899339 	 0.189502 	 0.394053 
  0.375746 	 -0.823277 	 -0.425477 
  -0.177569 	 0.252897 	 0.951059 
  0.629541 	 0.770629 	 0.099041 
  -0.397237 	 0.786282 	 -0.473247 
  0.401248 	 -0.521357 	 0.753118 
  -0.336696 	 0.778684 	 -0.529421 
  -0.066965 	 -0.985596 	 0.155296 
  0.935964 	 0.117536 	 -0.331899 
  -0.532356 	 0.573828 	 -0.622350 
  0.336464 	 -0.409410 	 0.848042 
  0.065843 	 0.973509 	 0.218961 
  -0.360963 	 -0.578526 	 -0.731446 
  0.959731 	 0.273756 	 -0.063040 
  0.821437 	 0.170921 	 0.544084 
  -0.580915 	 0.311006 	 0.752205 
  -0.221483 	 -0.805039 	 0.550325 
  0.832527 	 0.542777 	 -0.110866 
  0.852585 	 -0.470519 	 0.227398 
  -0.451598 	 0.054067 	 0.890582 
  0.837593 	 -0.053927 	 0.543627 
  0.092867 	 0.786415 	 0.610678 
  -0.976712 	 -0.110163 	 0.184111 
  0.243497 	 0.387767 	 -0.889014 
  -0.869458 	 -0.483674 	 0.100508 
  -0.033558 	 -0.741441 	 0.670179 
  -0.838457 	 0.139467 	 0.526820 
  0.277168 	 0.161281 	 -0.947189 
  -0.336698 	 -0.933874 	 0.120473 
  -0.435259 	 -0.581405 	 -0.687399 
  -0.076303 	 -0.972951 	 -0.218047 
  -0.154931 	 -0.110223 	 -0.981757 
  -0.703297 	 -0.126393 	 0.699570 
  -0.282579 	 -0.903862 	 0.321221 
  0.600586 	 -0.645822 	 0.471392 
  0.509796 	 -0.558835 	 -0.654074 
  0.146598 	 -0.982285 	 -0.116727 
  -0.141998 	 0.181810 	 0.973027 
  -0.756081 	 0.654254 	 0.017112 
  -0.100432 	 0.862147 	 0.496605 
  -0.087144 	 0.954384 	 -0.285581 
  0.760988 	 0.600675 	 0.245126 
  -0.730484 	 0.421124 	 0.537631 
  -0.987789 	 0.106142 	 0.114048 
  0.385675 	 0.712421 	 -0.586269 
  -0.224396 	 0.618128 	 0.753368 
  -0.552664 	 -0.549280 	 0.626780 
  0.762886 	 -0.645816 	 0.030431 
  -0.580892 	 -0.695720 	 0.422538 
  -0.955657 	 -0.197180 	 0.218722 
  -0.838225 	 0.222121 	 0.498038 
  0.662776 	 -0.707783 	 0.244483 
  0.844163 	 -0.339955 	 -0.414511 
  0.607847 	 -0.787347 	 -0.102992 
  0.719232 	 -0.299677 	 -0.626816 
  0.637938 	 0.120701 	 -0.760570 
  -0.950125 	 -0.311426 	 0.016641 
  0.518866 	 -0.769737 	 -0.371863 
  -0.971481 	 0.171956 	 0.163265 
  -0.918422 	 0.306847 	 0.249690 
  -0.250845 	 -0.509270 	 0.823238 
  0.831784 	 -0.509028 	 -0.221417 
  -0.702548 	 -0.657790 	 -0.271549 
  0.383991 	 -0.856417 	 -0.345111 
  -0.118608 	 -0.425912 	 -0.896956 
  0.050152 	 -0.766123 	 -0.640735 
  0.899469 	 0.305133 	 0.312808 
  -0.188959 	 0.713226 	 -0.674984 
  0.658889 	 -0.592005 	 0.464107 
  0.784811 	 -0.298668 	 0.543018 
  0.147072 	 -0.065475 	 0.986956 
  -0.261979 	 -0.743526 	 -0.615253 
  0.926107 	 -0.141446 	 -0.349740 
  -0.939814 	 0.341559 	 0.009281 
  -0.899781 	 -0.432036 	 0.061152 
  -0.366203 	 -0.696442 	 -0.617142 
  -0.030154 	 -0.316925 	 -0.947971 
  -0.161481 	 0.956092 	 -0.244566 
  0.196646 	 -0.334701 	 0.921578 
  -0.520970 	 0.761075 	 0.386464 
  -0.419289 	 0.901979 	 0.103108 
  -0.192810 	 -0.788282 	 -0.584325 
  0.625172 	 -0.439272 	 0.645136 
  -0.597464 	 -0.219417 	 0.771293 
  -0.465247 	 0.846405 	 0.259121 
  0.421093 	 0.145479 	 -0.895275 
  0.251660 	 0.086479 	 0.963944 
  0.593024 	 -0.794759 	 0.129152 
  -0.269623 	 -0.051548 	 0.961585 
  -0.446116 	 0.606462 	 0.658167 
  0.642839 	 0.234225 	 0.729312 
  0.952522 	 -0.193524 	 0.235056 
  -0.079205 	 -0.996858 	 -0.000297 
  -0.034734 	 -0.435840 	 0.899354 
  -0.796739 	 -0.531469 	 -0.287658 
  0.956453 	 -0.234304 	 -0.174070 
  0.136786 	 0.280568 	 -0.950038 
  -0.732276 	 -0.673028 	 0.103943 
  0.261516 	 -0.690557 	 0.674345 
  -0.261348 	 -0.643692 	 0.719276 
  -0.293154 	 0.580047 	 0.760004 
  -0.131634 	 0.947647 	 0.290924 
  -0.111546 	 -0.275839 	 -0.954709 
  -0.620261 	 0.421109 	 0.661773 
  0.879239 	 0.476178 	 0.013905 
  0.326794 	 0.848443 	 -0.416353 
  0.206886 	 0.754772 	 0.622509 
  0.344649 	 -0.755241 	 -0.557520 
  -0.406698 	 -0.881265 	 0.240767 
  -0.803145 	 0.528356 	 0.275314 
  0.870124 	 0.488539 	 -0.064917 
  -0.948168 	 -0.000894 	 0.317768 
  -0.950113 	 0.090856 	 0.298380 
  -0.067182 	 -0.096841 	 -0.993030 
  -0.555136 	 -0.747142 	 0.365517 
  0.470846 	 -0.870010 	 -0.146242 
  0.408151 	 0.873202 	 -0.266329 
  0.871964 	 -0.350676 	 -0.341622 
  0.458642 	 0.862385 	 -0.214335 
  -0.003451 	 0.698107 	 0.715985 
  0.289677 	 0.236722 	 -0.927389 
  0.251069 	 -0.509950 	 0.822749 
  -0.039962 	 0.868855 	 -0.493451 
  0.942892 	 -0.265861 	 0.200682 
  0.573235 	 0.807009 	 0.141906 
  -0.542424 	 -0.100160 	 -0.834112 
  0.407231 	 -0.912611 	 0.036104 
  -0.480811 	 -0.453548 	 -0.750410 
  0.601442 	 0.546206 	 -0.583032 
  -0.393545 	 0.904480 	 -0.164432 
  -0.888359 	 -0.070700 	 0.453673 
  0.581803 	 -0.420068 	 -0.696454 
  -0.543458 	 0.387091 	 0.744858 
  -0.709855 	 -0.054951 	 -0.702200 
  0.768376 	 -0.583731 	 0.262405 
  0.356270 	 -0.576430 	 0.735391 
  -0.600026 	 -0.742952 	 0.296633 
  0.989275 	 0.104432 	 0.102122 
  0.675562 	 0.672758 	 -0.301684 
  0.063755 	 -0.860915 	 -0.504738 
  0.040299 	 0.640359 	 0.767018 
  -0.743511 	 -0.580240 	 0.332435 
  -0.459334 	 0.783985 	 -0.417589 
  -0.786211 	 0.122236 	 -0.605749 
  0.737183 	 0.369074 	 0.565991 
  -0.960878 	 0.275020 	 -0.032818 
  -0.981503 	 0.150727 	 -0.118037 
  -0.086026 	 0.042273 	 -0.995396 
  -0.986516 	 -0.136391 	 -0.090459 
  -0.484374 	 -0.182161 	 0.855686 
  -0.506254 	 -0.568500 	 -0.648471 
  0.793488 	 -0.034668 	 0.607597 
  0.963888 	 -0.254795 	 0.077452 
  -0.344844 	 -0.583833 	 0.734998 
  -0.909173 	 -0.061464 	 -0.411858 
  0.326338 	 0.619878 	 -0.713622 
  0.221894 	 0.818201 	 0.530387 
  0.683811 	 0.727905 	 0.050575 
  -0.002937 	 0.626880 	 -0.779110 
  -0.781214 	 -0.259909 	 0.567584 
  0.777217 	 -0.620021 	 0.107273 
  0.134821 	 -0.018963 	 -0.990689 
  -0.184838 	 0.101304 	 0.977534 
  0.842443 	 0.421402 	 -0.335723 
  -0.210611 	 0.935486 	 0.283742 
  -0.916693 	 -0.378825 	 -0.127143 
  0.510419 	 -0.613304 	 -0.602769 
  -0.656422 	 -0.090005 	 -0.749005 
  -0.967955 	 -0.230814 	 -0.098931 
  0.253286 	 0.858087 	 -0.446691 
  0.083410 	 -0.074864 	 -0.993699 
  0.095281 	 0.984773 	 -0.145407 
  -0.795127 	 0.489483 	 -0.358021 
  -0.597242 	 0.568861 	 -0.565419 
  -0.736585 	 0.128057 	 0.664112 
  0.221970 	 -0.067253 	 0.972731 
  0.536098 	 -0.281754 	 0.795748 
  0.172958 	 0.083290 	 0.981401 
  0.070015 	 0.638174 	 -0.766702 
  0.873750 	 -0.129230 	 -0.468893 
  0.416176 	 0.897339 	 -0.146904 
  0.383619 	 -0.922905 	 -0.032924 
  0.961557 	 -0.021237 	 -0.273784 
  0.862701 	 0.172501 	 0.475385 
  0.461444 	 0.272420 	 0.844308 
  0.670823 	 0.708742 	 0.218360 
  0.412893 	 0.820955 	 -0.394400 
  -0.011025 	 0.362506 	 0.931916 
  0.579495 	 0.503105 	 0.641148 
  -0.755288 	 0.642585 	 -0.128933 
  0.088594 	 -0.968578 	 -0.232396 
  0.353300 	 0.202583 	 0.913312 
  0.678183 	 -0.561436 	 -0.474190 
  -0.971908 	 0.108799 	 0.208706 
  -0.595956 	 -0.292313 	 0.747923 
  0.456457 	 0.887201 	 -0.067241 
  -0.816103 	 -0.100069 	 -0.569177 
  -0.572497 	 -0.819165 	 -0.034884 
  0.057498 	 0.090694 	 -0.994217 
  0.786236 	 0.197537 	 -0.585502 
  -0.435721 	 -0.845668 	 0.308209 
  0.208994 	 -0.823711 	 -0.527088 
  -0.390311 	 0.740710 	 0.546815 
  0.253483 	 0.966995 	 -0.025823 
  0.726876 	 -0.221458 	 -0.650083 
  0.608916 	 -0.718385 	 -0.336370 
  0.456214 	 0.783381 	 0.422116 
  -0.693159 	 0.649034 	 -0.313504 
  -0.538971 	 0.629004 	 -0.560235 
  0.105329 	 0.458052 	 -0.882663 
  0.032520 	 0.988632 	 0.146798 
  -0.614341 	 -0.773112 	 0.157744 
  -0.057732 	 -0.617924 	 -0.784115 
  0.993388 	 0.113762 	 0.015423 
  0.255252 	 -0.518983 	 -0.815784 
  -0.416887 	 0.495598 	 0.761963 
  0.205979 	 -0.867798 	 0.452216 
  0.294854 	 0.935617 	 0.194118 
  0.010073 	 -0.081860 	 -0.996593 
  0.568965 	 0.152131 	 -0.808168 
  0.097707 	 -0.566278 	 -0.818403 
  0.478034 	 -0.731683 	 0.485926 
  -0.876953 	 0.396377 	 -0.271732 
  -0.068514 	 0.201103 	 0.977171 
  -0.311299 	 0.369236 	 -0.875647 
  -0.951027 	 -0.245368 	 -0.187994 
  -0.116531 	 -0.445531 	 0.887650 
  0.050808 	 0.744340 	 0.665865 
  0.807433 	 -0.589632 	 -0.019645 
  0.866489 	 0.258003 	 0.427354 
  0.527215 	 0.740420 	 -0.416920 
  -0.150802 	 -0.687156 	 0.710687 
  -0.491407 	 -0.522072 	 0.697108 
  0.531337 	 -0.686464 	 -0.496435 
  -0.173222 	 -0.960290 	 -0.218716 
  0.558150 	 0.820755 	 -0.121778 
  0.118721 	 -0.370743 	 -0.921116 
  0.273237 	 -0.350735 	 -0.895727 
  0.052627 	 0.294684 	 0.954144 
  -0.677061 	 0.533253 	 0.507177 
  0.432771 	 -0.185015 	 -0.882314 
  -0.467383 	 -0.884031 	 0.006552 
  0.969143 	 0.161120 	 -0.186551 
  0.281995 	 -0.901077 	 -0.329452 
  -0.656488 	 0.754066 	 0.020197 
  -0.924015 	 -0.051063 	 0.378930 
  -0.599226 	 0.798548 	 0.056995 
  0.106366 	 0.698747 	 -0.707417 
  -0.413628 	 0.367160 	 0.833130 
  -0.455303 	 0.704450 	 0.544471 
  0.997801 	 -0.037205 	 -0.054860 
  0.986417 	 0.034118 	 0.160675 
  0.717357 	 -0.520005 	 0.463674 
  -0.739904 	 -0.208558 	 -0.639567 
  0.278113 	 -0.738950 	 -0.613682 
  0.739909 	 -0.127062 	 0.660598 
  -0.094624 	 0.434101 	 -0.895881 
  0.320260 	 -0.171000 	 0.931769 
  -0.002804 	 -0.999802 	 -0.019697 
  0.336923 	 0.334655 	 -0.880051 
  0.472247 	 -0.881427 	 0.008283 
  -0.552497 	 -0.450621 	 -0.701205 
  -0.664100 	 -0.457134 	 -0.591607 
  0.831120 	 0.330617 	 0.447139 
  -0.783702 	 0.579075 	 0.224683 
  -0.585691 	 0.513406 	 -0.627200 
  -0.164359 	 -0.349139 	 -0.922544 
  -0.604431 	 -0.573038 	 0.553436 
  0.270571 	 -0.789703 	 -0.550600 
  -0.231008 	 -0.325789 	 0.916786 
  0.427074 	 0.416431 	 0.802617 
  0.740176 	 0.670263 	 0.053731 
  -0.742671 	 0.316108 	 -0.590352 
  -0.462882 	 -0.470311 	 0.751364 
  0.511971 	 -0.536961 	 0.670491 
  -0.371470 	 -0.266033 	 0.889515 
  0.920748 	 -0.344085 	 0.183924 
  -0.557311 	 -0.172602 	 0.812166 
  0.394363 	 -0.622403 	 0.676087 
  -0.761634 	 0.555073 	 0.334375 
  -0.889370 	 0.331866 	 0.314461 
  0.178254 	 0.982489 	 -0.054227 
  -0.102515 	 0.992112 	 0.072147 
  0.427125 	 0.758481 	 0.492210 
  -0.802059 	 0.430519 	 -0.413950 
  -0.535447 	 -0.442284 	 0.719501 
  -0.863140 	 0.321397 	 0.389479 
  0.004129 	 0.581749 	 0.813358 
  0.397578 	 -0.257839 	 0.880597 
  -0.462344 	 -0.805743 	 0.370156 
  -0.184464 	 -0.263862 	 -0.946758 
  -0.716453 	 -0.684214 	 -0.136181 
  0.812574 	 0.488049 	 -0.318639 
  0.735111 	 -0.524495 	 -0.429555 
  0.163900 	 -0.680550 	 -0.714134 
  -0.003363 	 -0.341915 	 0.939725 
  -0.544689 	 -0.011711 	 -0.838556 
  0.121340 	 -0.359085 	 0.925383 
  0.729603 	 -0.331641 	 0.598076 
  0.912009 	 -0.382988 	 -0.146835 
  -0.475214 	 0.175402 	 0.862210 
  -0.613761 	 0.753404 	 0.235966 
  0.619896 	 0.276848 	 -0.734223 
  0.457319 	 -0.696190 	 0.553335 
  -0.499126 	 -0.511489 	 -0.699465 
  -0.902266 	 0.008244 	 0.431101 
  0.225541 	 -0.962700 	 0.149466 
  0.330595 	 -0.905338 	 0.266588 
  0.422060 	 -0.322249 	 0.847361 
  0.317825 	 0.406413 	 -0.856630 
  0.688208 	 -0.441189 	 -0.575953 
  0.129104 	 -0.876737 	 -0.463319 
  -0.397059 	 -0.333770 	 0.854951 
  -0.863636 	 -0.150278 	 0.481196 
  -0.339145 	 0.679188 	 -0.650910 
  -0.971985 	 -0.173384 	 -0.158692 
  0.375312 	 0.654248 	 -0.656582 
  -0.492256 	 -0.682652 	 0.540065 
  -0.643018 	 0.666043 	 -0.378042 
  -0.376946 	 0.151589 	 -0.913746 
  -0.170298 	 0.603164 	 -0.779225 
  0.303136 	 0.814932 	 -0.493958 
  -0.603804 	 -0.379613 	 -0.700938 
  0.949292 	 -0.314387 	 -0.002476 
  0.005776 	 0.220544 	 0.975360 
  0.597317 	 -0.492281 	 -0.633144 
  -0.292405 	 -0.955410 	 -0.041125 
  -0.984492 	 -0.014456 	 -0.174835 
  -0.298740 	 -0.701145 	 0.647417 
  0.955785 	 0.135459 	 0.261010 
  -0.782082 	 -0.569384 	 0.253277 
  -0.077277 	 -0.858626 	 -0.506744 
  -0.176465 	 0.405946 	 0.896698 
  -0.619818 	 -0.511972 	 0.594736 
  -0.158266 	 -0.987396 	 0.000063 
  0.682662 	 -0.366275 	 -0.632310 
  0.070462 	 0.994642 	 0.075652 
  -0.741042 	 -0.443127 	 0.504475 
  -0.325465 	 0.557035 	 -0.764058 
  0.201205 	 -0.830020 	 0.520177 
  0.557485 	 -0.710751 	 0.429004 
  -0.669189 	 -0.446984 	 0.593626 
  0.785330 	 0.600736 	 -0.149578 
  0.093925 	 0.076275 	 0.992653 
  -0.692609 	 -0.633942 	 0.344109 
  -0.204265 	 0.654186 	 -0.728229 
  0.665161 	 -0.743950 	 -0.064023 
  -0.312624 	 0.866476 	 -0.389212 
  0.036671 	 -0.957027 	 0.287669 
  -0.682395 	 0.478967 	 0.552202 
  0.358103 	 -0.700678 	 -0.617100 
  0.382643 	 0.920320 	 0.081215 
  -0.715860 	 -0.134786 	 -0.685111 
  0.960714 	 0.059693 	 -0.271044 
  0.897665 	 -0.436439 	 0.060974 
  0.535700 	 -0.297823 	 -0.790144 
  -0.395094 	 -0.904213 	 0.162171 
  -0.751243 	 -0.634840 	 0.180592 
  0.121617 	 0.584484 	 -0.802240 
  -0.051765 	 -0.547840 	 -0.834980 
  -0.832639 	 0.064732 	 0.550021 
  -0.302131 	 -0.934822 	 0.186612 
  -0.216842 	 0.976179 	 -0.007353 
  0.891468 	 0.406582 	 0.199938 
  0.653030 	 -0.751324 	 0.095210 
  -0.511477 	 0.141930 	 -0.847495 
  -0.439367 	 -0.201113 	 -0.875506 
  0.445384 	 -0.464872 	 -0.765198 
  0.320157 	 0.051322 	 0.945973 
  0.481587 	 0.791151 	 -0.377033 
  -0.999769 	 0.021170 	 -0.003744 
  -0.055431 	 0.501418 	 0.863428 
  0.546708 	 0.726496 	 0.416311 
  -0.003414 	 -0.256016 	 0.966667 
  0.112377 	 0.892708 	 -0.436398 
  -0.606966 	 -0.747736 	 -0.269227 
  0.433947 	 -0.655160 	 -0.618430 
  -0.676474 	 -0.703870 	 -0.216681 
  -0.882962 	 -0.402832 	 0.241047 
  0.771557 	 -0.053901 	 -0.633873 
  0.864519 	 0.472788 	 0.170525 
  0.000363 	 -0.520009 	 0.854161 
  -0.830824 	 -0.212514 	 0.514363 
  -0.791867 	 0.134890 	 0.595610 
  -0.136271 	 0.337866 	 -0.931277 
  0.712468 	 -0.624543 	 -0.319900 
  -0.660955 	 -0.750409 	 0.004987 
  0.938906 	 -0.188244 	 -0.288131 
  -0.072358 	 -0.903887 	 -0.421607 
  0.225308 	 0.318286 	 0.920831 
  0.821401 	 -0.021332 	 -0.569952 
  0.845279 	 -0.081127 	 -0.528130 
  0.754316 	 -0.257351 	 0.603968 
  0.498550 	 -0.760597 	 0.415860 
  0.420215 	 0.718495 	 0.554242 
  -0.126537 	 0.619291 	 0.774898 
  -0.923772 	 -0.317050 	 -0.214766 
  -0.680831 	 0.318156 	 -0.659731 
  0.600566 	 -0.749057 	 0.279703 
  0.140556 	 0.292844 	 0.945773 
  -0.625714 	 -0.236429 	 -0.743359 
  -0.148812 	 -0.985828 	 -0.077441 
  0.613075 	 -0.542990 	 0.573847 
  0.243972 	 -0.785313 	 0.569000 
  0.400004 	 -0.460481 	 0.792436 
  0.324734 	 -0.478058 	 -0.816093 
  -0.567914 	 -0.514573 	 -0.642408 
  -0.872955 	 0.229726 	 -0.430321 
  -0.711069 	 -0.272693 	 0.648089 
  -0.451109 	 0.288288 	 0.844625 
  0.201439 	 -0.922151 	 -0.330243 
  0.430776 	 -0.858437 	 -0.278422 
  0.271367 	 -0.016951 	 -0.962327 
  -0.053882 	 0.955199 	 0.291019 
  -0.388366 	 0.689117 	 0.611792 
  0.207540 	 0.966336 	 0.152056 
  -0.907631 	 0.081926 	 -0.411696 
  -0.342033 	 0.245314 	 0.907102 
  0.852708 	 0.456046 	 0.254776 
  -0.739282 	 0.096400 	 -0.666460 
  -0.417859 	 0.908196 	 0.023959 
  0.300992 	 0.815126 	 0.494948 
  -0.736697 	 0.483071 	 0.473203 
  -0.779064 	 0.413024 	 0.471668 
  0.928154 	 0.334183 	 0.163866 
  0.018246 	 -0.994794 	 -0.100255 
  0.646828 	 -0.508566 	 -0.568309 
  -0.557485 	 0.770467 	 0.309176 
  0.401002 	 0.039885 	 -0.915208 
  0.390363 	 -0.777525 	 -0.493023 
  0.118591 	 -0.138198 	 0.983279 
  -0.093787 	 -0.968987 	 0.228622 
  0.476334 	 0.278903 	 -0.833858 
  -0.957362 	 -0.062283 	 0.282099 
  -0.530250 	 -0.106535 	 0.841121 
  0.630576 	 0.769194 	 -0.103507 
  -0.292898 	 0.870274 	 0.396022 
  -0.085019 	 0.379143 	 0.921424 
  0.405971 	 -0.390280 	 0.826359 
  0.498451 	 0.725838 	 0.474032 
  0.785340 	 -0.192425 	 0.588399 
  -0.221513 	 0.329232 	 -0.917899 
  0.132588 	 -0.831501 	 -0.539468 
  -0.688892 	 -0.226551 	 -0.688551 
  0.861127 	 -0.502376 	 0.077964 
  -0.937382 	 0.340502 	 -0.073298 
  -0.627933 	 -0.011206 	 0.778187 
  -0.897204 	 -0.337853 	 0.284395 
  -0.952537 	 0.035146 	 -0.302387 
  0.125111 	 0.759034 	 -0.638917 
  0.619416 	 -0.274082 	 -0.735664 
  0.227022 	 0.639162 	 0.734801 
  0.795783 	 -0.384173 	 -0.468124 
  0.089265 	 -0.513269 	 0.853573 
  -0.956608 	 -0.110645 	 -0.269553 
  -0.463588 	 -0.327864 	 0.823159 
  -0.336808 	 -0.917813 	 -0.210188 
  -0.146852 	 -0.072913 	 0.986467 
  0.695102 	 -0.278168 	 0.662915 
  -0.929188 	 0.183621 	 -0.320770 
  0.443400 	 -0.563052 	 0.697402 
  -0.815547 	 -0.561022 	 -0.141905 
  0.280852 	 0.672213 	 -0.685020 
  0.110163 	 0.949711 	 -0.293110 
  -0.232427 	 -0.959291 	 0.160431 
  -0.697247 	 -0.009227 	 0.716772 
  -0.758045 	 0.187354 	 -0.624712 
  -0.188001 	 -0.746124 	 0.638713 
  0.156362 	 0.961015 	 0.228036 
  0.950789 	 0.233173 	 -0.204034 
  -0.520672 	 0.670489 	 0.528532 
  0.320580 	 0.711013 	 -0.625850 
  0.530827 	 -0.846894 	 -0.031499 
  0.240741 	 0.726368 	 -0.643765 
  0.459800 	 0.709883 	 -0.533526 
  -0.357963 	 0.923543 	 0.137586 
  -0.113128 	 -0.741494 	 0.661354 
  -0.782787 	 -0.614160 	 0.100258 
  -0.448732 	 -0.255260 	 0.856435 
  0.352388 	 -0.807996 	 0.472192 
  -0.166060 	 -0.902887 	 0.396509 
  0.744864 	 -0.047322 	 0.665537 
  -0.805508 	 -0.191900 	 -0.560652 
  0.760596 	 0.174878 	 0.625229 
  0.314065 	 -0.949307 	 0.013414 
  -0.405515 	 -0.467449 	 -0.785524 
  0.329853 	 -0.488694 	 0.807697 
  -0.551851 	 0.826266 	 0.112889 
  0.584532 	 -0.505144 	 0.634942 
  -0.483103 	 -0.587853 	 0.648876 
  0.039289 	 0.497467 	 -0.866593 
  0.980344 	 -0.126301 	 -0.151568 
  0.629302 	 0.428223 	 -0.648540 
  0.982674 	 -0.171932 	 0.069223 
  -0.422920 	 0.840883 	 0.337721 
  0.521316 	 0.553346 	 -0.649644 
  0.662692 	 0.290429 	 0.690282 
  -0.210421 	 -0.966125 	 -0.149419 
  -0.355329 	 -0.931637 	 -0.076118 
  0.627874 	 0.576328 	 -0.523087 
  0.520038 	 0.325438 	 0.789715 
  -0.656512 	 -0.005292 	 -0.754297 
  0.291878 	 0.491939 	 0.820246 
  -0.603342 	 0.547460 	 0.579884 
  -0.968468 	 0.231651 	 -0.091692 
  0.981513 	 -0.064663 	 0.180142 
  -0.531330 	 -0.837320 	 -0.128774 
  -0.769175 	 -0.254755 	 -0.586062 
  -0.490538 	 -0.834059 	 0.252425 
  -0.994088 	 0.105290 	 0.026497 
  -0.370638 	 -0.827785 	 -0.421188 
  0.267833 	 0.770471 	 -0.578481 
  -0.128536 	 0.492753 	 -0.860624 
  0.887276 	 -0.405453 	 0.219887 
  0.733662 	 0.239805 	 -0.635793 
  -0.933058 	 -0.180685 	 -0.311056 
  -0.477803 	 0.371224 	 0.796176 
  0.267971 	 0.592094 	 -0.760010 
  0.933949 	 -0.120641 	 0.336430 
  0.378927 	 0.803345 	 -0.459404 
  0.584850 	 -0.701165 	 -0.407821 
  -0.752322 	 -0.595477 	 -0.281815 
  -0.732847 	 0.613734 	 0.293711 
  0.148931 	 -0.118792 	 -0.981686 
  -0.827994 	 0.548102 	 0.118363 
  0.725698 	 -0.678442 	 0.114365 
  0.813916 	 -0.500273 	 -0.295412 
  -0.819542 	 -0.472113 	 -0.324748 
  -0.524941 	 0.823410 	 -0.215482 
  -0.245859 	 0.048189 	 -0.968107 
  0.276665 	 -0.926341 	 -0.255634 
  0.901313 	 0.242822 	 0.358709 
  -0.164773 	 0.403335 	 -0.900095 
  -0.698093 	 0.673386 	 -0.243347 
  0.150128 	 0.816865 	 -0.556950 
  0.301645 	 -0.087264 	 -0.949418 
  0.092858 	 0.000266 	 0.995679 
  -0.078626 	 -0.038405 	 0.996164 
  0.241448 	 -0.592750 	 -0.768343 
  -0.407602 	 0.734845 	 -0.542092 
  0.275541 	 -0.825678 	 0.492273 
  0.944196 	 0.078216 	 0.319963 
  0.157695 	 -0.796433 	 0.583804 
  0.180060 	 -0.552902 	 -0.813559 
  0.052166 	 0.007422 	 -0.998611 
  0.203875 	 0.894011 	 0.398973 
  0.212553 	 0.157712 	 0.964338 
  -0.479362 	 0.292923 	 -0.827289 
  0.114130 	 0.993422 	 0.009317 
  0.122851 	 0.874352 	 0.469484 
  0.177029 	 0.590738 	 0.787204 
  0.911647 	 0.343250 	 -0.226006 
  0.962609 	 -0.164428 	 -0.215282 
  -0.199997 	 -0.564554 	 0.800800 
  0.877684 	 -0.448594 	 -0.168624 
  0.341644 	 0.877793 	 0.335797 
  0.403995 	 0.757186 	 -0.513281 
  -0.391659 	 0.439519 	 0.808348 
  -0.056927 	 -0.683517 	 -0.727711 
  -0.703002 	 -0.388824 	 -0.595486 
  -0.401496 	 0.626896 	 -0.667684 
  0.358881 	 -0.220771 	 -0.906898 
  0.229478 	 0.819136 	 -0.525696 
  0.038342 	 0.881238 	 -0.471115 
  -0.517348 	 0.032303 	 0.855165 
  -0.038068 	 -0.987744 	 -0.151370 
  -0.951895 	 0.166414 	 0.257299 
  -0.267334 	 0.383713 	 0.883910 
  0.141911 	 -0.909511 	 -0.390707 
  0.837278 	 0.546504 	 -0.017307 
  -0.456940 	 0.865715 	 -0.204313 
  -0.524427 	 0.598296 	 0.605821 
  0.028772 	 -0.524804 	 -0.850737 
  -0.756808 	 0.377275 	 -0.533766 
  -0.167202 	 0.918028 	 0.359538 
  -0.755146 	 0.010298 	 -0.655475 
  0.984047 	 -0.174586 	 -0.034221 
  -0.617417 	 -0.379071 	 0.689276 
  0.357945 	 -0.914245 	 0.189821 
  -0.315776 	 -0.311033 	 -0.896406 
  0.718806 	 0.025285 	 0.694750 
  0.601849 	 -0.251681 	 0.757914 
  -0.189322 	 -0.509804 	 -0.839200 
  0.200964 	 0.394132 	 0.896813 
  0.942024 	 0.297810 	 -0.154594 
  0.443934 	 -0.879156 	 0.173228 
  -0.233274 	 -0.972339 	 0.011814 
  0.789795 	 -0.112724 	 0.602924 
  0.518773 	 -0.076536 	 -0.851479 
  -0.699739 	 -0.684377 	 0.204924 
  -0.586123 	 0.659723 	 0.470347 
  0.694433 	 0.713972 	 -0.089488 
  -0.068915 	 -0.689414 	 0.721082 
  -0.967699 	 -0.031006 	 -0.250195 
  0.471802 	 0.824120 	 0.313415 
  -0.261114 	 0.815971 	 -0.515763 
  -0.475720 	 -0.815212 	 -0.330333 
  -0.384629 	 -0.840238 	 0.382179 
  -0.233857 	 0.900593 	 -0.366391 
  -0.882525 	 0.430162 	 -0.190028 
  0.962487 	 0.257008 	 0.086980 
  -0.331293 	 -0.455754 	 -0.826156 
  0.343784 	 -0.328366 	 0.879766 
  0.486920 	 -0.672346 	 -0.557549 
  0.326099 	 -0.248465 	 0.912099 
  0.266910 	 -0.441960 	 0.856406 
  0.631516 	 -0.307587 	 0.711743 
  0.613052 	 0.789338 	 0.033360 
  0.366160 	 -0.046929 	 -0.929368 
  0.314630 	 0.614747 	 0.723252 
  -0.901103 	 -0.207663 	 0.380643 
  -0.191338 	 -0.977835 	 0.085021 
  -0.595389 	 0.370554 	 -0.712883 
  -0.700747 	 0.382599 	 -0.602139 
  -0.655651 	 0.055541 	 0.753019 
  -0.019067 	 0.976190 	 0.216076 
  -0.704532 	 0.558167 	 -0.438275 
  0.198143 	 0.188114 	 -0.961952 
  -0.564524 	 -0.240170 	 -0.789703 
  -0.556109 	 -0.588275 	 -0.587090 
  0.074998 	 -0.976440 	 0.202338 
  -0.443535 	 0.823991 	 -0.352583 
  0.539186 	 0.788963 	 0.294644 
  -0.530254 	 -0.315917 	 0.786783 
  0.006512 	 -0.786056 	 0.618121 
  -0.039748 	 0.635618 	 0.770980 
  -0.563377 	 -0.642210 	 0.519781 
  -0.251509 	 0.800414 	 0.544133 
  0.452678 	 -0.106884 	 -0.885245 
  0.062463 	 -0.076425 	 0.995117 
  -0.094636 	 0.974404 	 -0.203912 
  -0.695982 	 0.270482 	 0.665168 
  -0.873439 	 0.476658 	 0.099508 
  -0.838217 	 0.444794 	 -0.315515 
  -0.031985 	 0.131911 	 0.990745 
  -0.270868 	 0.957823 	 -0.095950 
  -0.907674 	 0.399529 	 0.128467 
  0.588934 	 0.286594 	 0.755659 
  0.062151 	 0.971332 	 -0.229459 
  0.684154 	 -0.147003 	 0.714370 
  -0.346058 	 0.913482 	 0.213996 
  -0.824688 	 0.381457 	 0.417588 
  0.940836 	 0.008955 	 0.338745 
  0.927742 	 -0.366112 	 -0.072501 
  0.210665 	 -0.746010 	 0.631735 
  -0.849590 	 -0.400670 	 -0.343016 
  0.899033 	 0.143047 	 -0.413856 
  0.901073 	 -0.123585 	 0.415686 
  0.682394 	 0.512283 	 -0.521445 
  0.966799 	 -0.210093 	 0.145465 
  -0.866746 	 -0.230067 	 0.442516 
  0.213682 	 0.257187 	 -0.942441 
  0.713416 	 0.444581 	 0.541650 
  0.618947 	 -0.759820 	 0.198943 
  0.126723 	 0.136738 	 -0.982468 
  0.896836 	 -0.374583 	 -0.235316 
  -0.344700 	 0.516748 	 0.783680 
  0.028745 	 0.952194 	 -0.304139 
  0.331718 	 0.900194 	 -0.282160 
  -0.417231 	 0.905324 	 -0.079418 
  -0.034427 	 -0.409311 	 -0.911745 
  -0.148610 	 -0.945891 	 0.288452 
  0.677451 	 0.409401 	 0.611106 
  0.223773 	 0.529923 	 0.817990 
  -0.257605 	 -0.754561 	 0.603554 
  0.670052 	 -0.686098 	 -0.283372 
  -0.519856 	 0.778502 	 -0.351687 
  0.579499 	 -0.344523 	 -0.738569 
  -0.615046 	 -0.445193 	 -0.650786 
  -0.234100 	 -0.380038 	 -0.894857 
  -0.217677 	 -0.873295 	 -0.435859 
  0.959197 	 0.191866 	 0.207673 
  0.459481 	 -0.193635 	 0.866824 
  0.372240 	 0.653021 	 0.659546 
  -0.861404 	 -0.378484 	 0.338721 
  -0.781978 	 0.604870 	 0.150475 
  -0.921915 	 0.262513 	 -0.284886 
  0.771357 	 0.392397 	 0.501032 
  -0.193840 	 -0.037084 	 -0.980332 
  -0.061659 	 0.040317 	 0.997283 
  0.424229 	 -0.665318 	 0.614314 
  -0.988595 	 -0.108482 	 0.104459 
  0.098097 	 0.992910 	 -0.067139 
  -0.617483 	 0.722778 	 0.310333 
  -0.248941 	 -0.831817 	 -0.496094 
  0.862851 	 -0.186554 	 0.469773 
  0.557187 	 -0.803900 	 0.208054 
  0.194653 	 -0.156113 	 0.968369 
  -0.489994 	 0.452627 	 -0.745006 
  0.067733 	 -0.640488 	 0.764975 
  0.220244 	 0.650380 	 -0.726979 
  0.629196 	 0.635267 	 -0.447826 
  0.047788 	 0.870441 	 0.489948 
  0.820229 	 -0.393673 	 0.415025 
  -0.491250 	 0.808391 	 0.324311 
  0.798848 	 0.598319 	 -0.062099 
  -0.047650 	 -0.237850 	 -0.970132 
  -0.165365 	 0.270201 	 -0.948497 
  0.384929 	 0.288976 	 0.876540 
  0.244324 	 -0.627228 	 0.739521 
  0.753544 	 0.454745 	 -0.474741 
  -0.105440 	 0.777697 	 0.619733 
  0.461775 	 0.605699 	 -0.647992 
  0.887663 	 0.254603 	 -0.383708 
  0.436515 	 -0.032056 	 -0.899126 
  -0.492353 	 -0.395271 	 0.775467 
  -0.127035 	 -0.639476 	 -0.758243 
  -0.339688 	 0.391457 	 0.855204 
  -0.702900 	 0.442419 	 -0.556954 
  -0.437634 	 0.008657 	 -0.899112 
  0.075066 	 -0.995982 	 -0.048843 
  0.622785 	 -0.740670 	 -0.252085 
  0.037954 	 -0.389960 	 -0.920049 
  0.982035 	 0.086709 	 -0.167595 
  -0.832910 	 0.234332 	 -0.501347 
  -0.341019 	 0.938129 	 0.060167 
  -0.618466 	 -0.440669 	 0.650624 
  -0.372023 	 -0.467902 	 0.801665 
  0.639592 	 -0.099884 	 0.762197 
  0.382242 	 -0.125605 	 -0.915486 
  0.802103 	 0.314142 	 -0.507883 
  -0.600510 	 -0.070225 	 -0.796528 
  -0.124332 	 -0.571245 	 -0.811308 
  -0.986988 	 0.155257 	 -0.041829 
  0.452515 	 -0.889255 	 -0.066757 
  0.331403 	 0.934897 	 -0.127044 
  -0.266519 	 -0.585147 	 0.765879 
  0.726483 	 -0.201595 	 0.656949 
  -0.910772 	 0.410535 	 -0.044212 
  -0.892561 	 -0.442109 	 -0.088736 
  -0.026511 	 0.564896 	 -0.824736 
  -0.458104 	 -0.654432 	 0.601547 
  -0.427295 	 0.125502 	 0.895359 
  0.706090 	 -0.706492 	 0.048027 
  -0.298605 	 -0.908382 	 -0.292706 
  -0.466761 	 0.579226 	 -0.668304 
  0.356427 	 0.711801 	 0.605227 
  -0.450766 	 -0.796733 	 -0.402525 
  -0.848772 	 0.013688 	 -0.528582 
  0.373321 	 -0.722024 	 0.582505 
  0.724744 	 0.657658 	 0.205504 
  0.048394 	 0.436429 	 0.898436 
  0.012975 	 -0.656245 	 -0.754436 
  -0.797147 	 0.046372 	 -0.602002 
  -0.535625 	 0.842117 	 -0.062805 
  -0.007182 	 -0.974315 	 0.225077 
  -0.051987 	 0.996726 	 -0.061924 
  0.005861 	 0.333394 	 -0.942769 
  0.255959 	 0.960494 	 -0.109251 
  0.030168 	 0.999542 	 -0.002482 
  0.195806 	 0.889637 	 -0.412561 
  -0.297163 	 -0.449854 	 0.842215 
  0.229176 	 0.947045 	 0.224908 
  0.403112 	 -0.754962 	 0.517236 
  0.050348 	 0.265026 	 -0.962926 
  -0.489681 	 -0.248701 	 -0.835679 
  0.243340 	 0.966378 	 0.083060 
  0.374966 	 0.471901 	 0.797941 
  0.364517 	 0.261133 	 -0.893833 
  -0.980952 	 -0.184006 	 0.062245 
  -0.103302 	 0.778616 	 -0.618939 
  0.777229 	 0.491214 	 -0.393223 
  0.823580 	 0.237631 	 -0.515021 
  0.836950 	 0.404606 	 0.368521 
  -0.307155 	 -0.868513 	 0.389026 
  -0.541475 	 -0.819692 	 0.186841 
  -0.698803 	 0.710927 	 0.079110 
  -0.730593 	 -0.629471 	 0.264576 
  -0.115359 	 -0.497180 	 -0.859944 
  -0.461102 	 -0.867889 	 0.184810 
  0.401092 	 -0.906548 	 -0.131512 
  -0.861379 	 -0.061143 	 -0.504269 
  0.450163 	 0.835419 	 -0.315324 
  0.130201 	 -0.848176 	 0.513463 
  -0.827544 	 -0.554657 	 0.086758 
  -0.732586 	 -0.508907 	 -0.452030 
  0.993538 	 -0.023823 	 0.110970 
  0.578357 	 -0.160973 	 -0.799744 
  -0.390020 	 0.066725 	 -0.918386 
  0.294278 	 -0.943283 	 -0.153683 
  0.015764 	 0.067619 	 0.997587 
  -0.634299 	 0.710335 	 -0.305105 
  0.283391 	 -0.957421 	 -0.055090 
  0.763782 	 0.541176 	 0.351803 
  -0.597717 	 -0.156834 	 -0.786217 
  -0.383359 	 0.830801 	 -0.403491 
  0.685668 	 0.215646 	 -0.695238 
  0.842573 	 -0.518938 	 -0.144132 
  -0.647426 	 0.620723 	 0.442203 
  -0.422419 	 -0.571305 	 0.703685 
  -0.831631 	 -0.499409 	 0.242860 
  0.382624 	 -0.576093 	 -0.722299 
  0.322654 	 0.945560 	 -0.042550 
  0.384485 	 -0.511543 	 -0.768437 
  -0.448689 	 -0.851393 	 -0.271678 
  -0.579947 	 0.052422 	 0.812966 
  0.747496 	 0.363034 	 -0.556287 
  -0.793154 	 0.456846 	 0.402737 
  0.795092 	 0.536668 	 0.282517 
  0.288851 	 0.886695 	 -0.361023 
  0.322570 	 -0.775558 	 0.542640 
  -0.997959 	 -0.042376 	 0.047783 
  0.016650 	 0.986051 	 -0.165608 
  0.215011 	 -0.576110 	 0.788586 
  -0.377901 	 0.309078 	 0.872732 
  0.542988 	 0.596443 	 -0.591117 
  0.769583 	 -0.438505 	 0.464172 
  0.376486 	 -0.836636 	 0.397868 
  -0.234744 	 -0.881375 	 0.409967 
  0.014687 	 0.518425 	 0.854997 
  -0.051120 	 -0.954398 	 0.294127 
  0.666851 	 0.727169 	 -0.162895 
  0.594469 	 -0.803519 	 -0.031052 
  0.625142 	 0.589895 	 0.511098 
  0.035924 	 0.905057 	 0.423771 
  0.374756 	 0.804690 	 0.460469 
  -0.696900 	 -0.574864 	 -0.428791 
  -0.795103 	 -0.383829 	 0.469559 
  0.864042 	 -0.438632 	 -0.247047 
  0.569956 	 -0.231954 	 -0.788256 
  -0.950617 	 -0.303765 	 -0.063668 
  -0.509353 	 0.233933 	 0.828151 
  -0.235875 	 0.955223 	 -0.178642 
  -0.403754 	 -0.519106 	 0.753333 
  -0.897234 	 -0.385113 	 -0.216009 
  0.758098 	 0.612943 	 -0.222687 
  0.253496 	 -0.964820 	 0.069729 
  -0.975115 	 -0.104265 	 -0.195650 
  0.909542 	 -0.247715 	 -0.333723 
  -0.635544 	 0.453598 	 -0.624767 
  0.880904 	 0.091966 	 0.464273 
  -0.689088 	 0.197252 	 0.697316 
  -0.140134 	 0.027231 	 0.989758 
  0.881845 	 0.421658 	 -0.211077 
  0.594440 	 -0.649843 	 -0.473651 
  0.894834 	 0.176698 	 0.409940 
  -0.323642 	 -0.085543 	 -0.942305 
  0.989477 	 -0.038944 	 -0.139349 
  -0.649989 	 -0.644576 	 -0.402536 
  0.515760 	 -0.641295 	 0.568096 
  0.915214 	 0.070579 	 -0.396739 
  0.903915 	 -0.337096 	 0.263256 
  -0.251252 	 -0.185489 	 0.949982 
  0.967480 	 0.053763 	 0.247169 
  0.387681 	 0.589293 	 0.708828 
  -0.918783 	 -0.339644 	 0.201198 
  -0.394456 	 -0.918862 	 -0.009867 
  0.488280 	 0.186130 	 0.852606 
  0.549406 	 -0.203431 	 0.810413 
  -0.077804 	 -0.791077 	 0.606749 
  0.511772 	 0.212181 	 -0.832507 
  -0.359759 	 0.233101 	 -0.903458 
  -0.772487 	 0.632695 	 -0.054415 
  0.587677 	 0.073651 	 -0.805737 
  0.487346 	 -0.346789 	 0.801393 
  0.271979 	 0.312844 	 -0.910031 
  0.196929 	 0.980082 	 0.025652 
  -0.809016 	 -0.274091 	 -0.519968 
  -0.622136 	 -0.518302 	 -0.586779 
  -0.208366 	 -0.629230 	 -0.748768 
  0.782088 	 0.388474 	 -0.487263 
  -0.462617 	 0.652238 	 0.600477 
  0.074497 	 -0.986014 	 -0.149084 
  -0.125689 	 -0.980249 	 -0.152693 
  0.019467 	 -0.717059 	 -0.696741 
  0.529731 	 0.248007 	 0.811097 
  -0.914773 	 0.400679 	 0.051443 
  -0.359175 	 -0.878027 	 0.316327 
  -0.363645 	 0.166330 	 0.916568 
  0.993604 	 -0.112304 	 0.011776 
  0.473472 	 -0.875931 	 0.092568 
  0.563000 	 0.666570 	 0.488584 
  0.270324 	 0.893659 	 0.358187 
  -0.310209 	 0.463769 	 0.829873 
  -0.437233 	 -0.688573 	 -0.578527 
  -0.839708 	 0.302165 	 -0.451206 
  0.141552 	 -0.215970 	 0.966085 
  -0.810879 	 -0.027713 	 -0.584557 
  0.038821 	 0.827758 	 0.559740 
  0.445681 	 -0.111468 	 0.888225 
  0.939349 	 0.023486 	 -0.342159 
  -0.534707 	 0.687296 	 -0.491643 
  0.728756 	 -0.657665 	 0.190768 
  -0.319025 	 0.745667 	 0.584981 
  0.741396 	 0.002926 	 -0.671062 
  0.202102 	 -0.862190 	 -0.464525 
  -0.695022 	 -0.628935 	 -0.348403 
  0.676410 	 0.084453 	 0.731667 
  -0.983539 	 -0.177764 	 -0.032419 
  0.861863 	 -0.211833 	 -0.460780 
  0.391529 	 0.392416 	 -0.832295 
  0.526427 	 -0.839015 	 0.137579 
  0.705410 	 0.189746 	 0.682930 
  0.317270 	 -0.164820 	 -0.933903 
  0.285175 	 0.727822 	 0.623659 
  -0.438132 	 0.549607 	 0.711317 
  0.052549 	 0.746517 	 -0.663288 
  0.464436 	 0.853417 	 0.236598 
  -0.402160 	 0.781963 	 0.476237 
  -0.399746 	 -0.848164 	 -0.347592 
  0.235323 	 0.925702 	 0.296140 
  0.937307 	 0.201428 	 -0.284397 
  -0.626878 	 0.587507 	 0.511722 
  0.743085 	 -0.426964 	 -0.515292 
  0.423034 	 -0.260561 	 -0.867842 
  0.767825 	 -0.459888 	 -0.446037 
  0.118835 	 -0.504109 	 -0.855426 
  -0.008957 	 -0.928359 	 -0.371576 
  0.262729 	 0.578891 	 0.771919 
  0.713512 	 -0.649539 	 0.262677 
  0.675286 	 -0.719571 	 0.161885 
  0.125230 	 -0.944684 	 -0.303134 
  0.678376 	 0.632800 	 -0.373325 
  -0.997343 	 -0.062974 	 -0.036626 
  0.114068 	 0.211034 	 -0.970800 
  -0.741229 	 -0.567871 	 -0.357913 
  0.032257 	 -0.998203 	 0.050497 
  0.730107 	 0.605468 	 0.316783 
  0.120401 	 -0.297405 	 -0.947129 
  0.086274 	 0.338326 	 -0.937066 
  -0.518727 	 0.307955 	 0.797550 
  -0.093010 	 0.224439 	 -0.970039 
  -0.497607 	 -0.038745 	 0.866537 
  0.743655 	 0.471620 	 0.473868 
  -0.182196 	 0.109380 	 -0.977160 
  0.571787 	 -0.106639 	 0.813442 
  0.079833 	 0.692959 	 0.716544 
  0.016141 	 -0.591070 	 -0.806459 
  -0.282133 	 0.454412 	 -0.844932 
  0.256056 	 -0.207332 	 -0.944166 
  0.397226 	 0.917684 	 0.008254 
  -0.812715 	 -0.582547 	 0.011511 
  -0.874354 	 -0.449154 	 0.183752 
  -0.088335 	 0.925766 	 0.367633 
  0.572234 	 0.233334 	 -0.786196 
  -0.107965 	 0.557933 	 -0.822833 
  0.399907 	 -0.343460 	 -0.849770 
  0.292916 	 -0.735189 	 0.611309 
  0.001018 	 0.786114 	 -0.618081 
  0.582282 	 -0.090200 	 -0.807967 
  0.117318 	 0.627959 	 0.769353 
  0.832510 	 -0.290722 	 -0.471601 
  -0.243637 	 -0.674099 	 -0.697303 
  -0.032279 	 0.938694 	 -0.343237 
  -0.708545 	 0.165504 	 -0.685983 
  0.509404 	 -0.157937 	 -0.845910 
  0.267167 	 0.461622 	 -0.845888 
  -0.845870 	 0.531724 	 0.042116 
  0.662451 	 -0.476751 	 0.577812 
  0.868595 	 0.198791 	 -0.453900 
  0.748891 	 -0.137258 	 -0.648323 
  -0.079744 	 -0.378543 	 0.922142 
  -0.800440 	 0.596905 	 0.054761 
  -0.383856 	 0.829389 	 0.405917 
  0.795407 	 -0.481157 	 -0.368533 
  -0.944076 	 -0.046516 	 -0.326429 
  -0.099380 	 0.119406 	 -0.987859 
  -0.248491 	 0.863173 	 -0.439527 
  -0.872879 	 0.455376 	 0.175256 
  0.580406 	 0.344508 	 -0.737864 
  -0.181768 	 0.846165 	 0.500964 
  -0.486101 	 -0.049209 	 -0.872516 
  0.753619 	 -0.634758 	 -0.170708 
  -0.774524 	 0.353658 	 0.524441 
  0.002661 	 0.787273 	 0.616599 
  0.914832 	 0.193717 	 -0.354340 
  0.687156 	 0.395552 	 -0.609389 
  0.647760 	 -0.624566 	 -0.436261 
  -0.407202 	 0.684713 	 -0.604446 
  0.149973 	 -0.899749 	 0.409829 
  0.098873 	 -0.936053 	 0.337681 
  -0.989978 	 -0.070219 	 -0.122524 
  0.971986 	 -0.234873 	 0.008819 
  -0.739558 	 -0.641964 	 -0.202326 
  0.703226 	 -0.496348 	 -0.509030 
  -0.970253 	 -0.242077 	 -0.002861 
  -0.890073 	 -0.000448 	 -0.455817 
  -0.169070 	 0.896116 	 -0.410356 
  0.589335 	 0.495918 	 -0.637769 
  -0.737407 	 -0.062320 	 0.672567 
  -0.235964 	 0.936382 	 -0.259827 
  -0.341911 	 0.489970 	 -0.801889 
  0.307395 	 -0.063249 	 0.949477 
  -0.253786 	 0.741463 	 0.621149 
  0.650905 	 -0.117376 	 -0.750031 
  -0.893919 	 -0.448016 	 -0.013807 
  -0.845619 	 -0.444117 	 0.296122 
  -0.121395 	 -0.771411 	 -0.624650 
  -0.511486 	 -0.857499 	 -0.055478 
  0.291604 	 -0.685305 	 -0.667326 
  -0.310970 	 0.918646 	 -0.243697 
  0.448742 	 -0.817080 	 -0.361956 
  -0.571711 	 -0.637517 	 -0.516448 
  -0.962197 	 0.266931 	 0.054088 
  -0.040686 	 0.746470 	 0.664174 
  0.749420 	 0.084374 	 -0.656697 
  0.741042 	 0.658817 	 0.129680 
  -0.280329 	 0.112138 	 0.953331 
  0.294347 	 0.935726 	 -0.194363 
  -0.241845 	 0.395848 	 -0.885898 
  -0.795027 	 0.308764 	 -0.522108 
  -0.123431 	 -0.952718 	 -0.277656 
  0.451768 	 -0.390792 	 -0.801989 
  -0.649153 	 -0.693080 	 -0.313433 
  -0.988042 	 0.064842 	 -0.139890 
  -0.831895 	 0.522196 	 0.187783 
  -0.978647 	 0.205407 	 0.007602 
  -0.454324 	 -0.114274 	 0.883477 
  0.641412 	 0.730750 	 -0.233656 
  -0.702812 	 0.604124 	 -0.375618 
  0.334396 	 0.766417 	 -0.548438 
  -0.101436 	 0.970501 	 0.218720 
  -0.765475 	 -0.438510 	 -0.470910 
  0.198245 	 -0.337170 	 -0.920334 
  0.530094 	 0.562937 	 0.634115 
  -0.803748 	 0.556436 	 -0.210640 
  0.660911 	 0.007168 	 0.750430 
  0.295342 	 0.672400 	 0.678713 
  0.966370 	 0.227288 	 -0.120283 
  0.575951 	 0.634269 	 -0.515736 
  -0.415908 	 -0.795548 	 0.440596 
  -0.456327 	 -0.744850 	 0.486789 
  -0.051521 	 0.819203 	 0.571184 
  -0.136666 	 0.990545 	 -0.011998 
  -0.135220 	 0.980209 	 0.144586 
  -0.249922 	 0.905372 	 0.343279 
  0.080958 	 -0.989657 	 0.118425 
  0.086367 	 0.571221 	 0.816240 
  0.343863 	 0.119149 	 0.931430 
  0.726937 	 0.686459 	 -0.018362 
  0.516906 	 0.396923 	 -0.758459 
  0.832304 	 0.246374 	 0.496558 
  -0.985745 	 0.042225 	 0.162860 
  -0.527521 	 0.506917 	 -0.681730 
  -0.899539 	 0.257304 	 0.353022 
  -0.404758 	 -0.742118 	 -0.534259 
  0.632694 	 0.716843 	 0.292977 
  -0.977404 	 -0.034706 	 0.208510 
  -0.660756 	 0.730734 	 0.171551 
  -0.529503 	 -0.847503 	 0.036966 
  -0.506050 	 -0.672122 	 -0.540523 
  -0.694226 	 -0.584950 	 0.419385 
  -0.000975 	 -0.898521 	 0.438929 
  -0.570036 	 0.509318 	 0.644713 
  -0.847898 	 0.403743 	 0.343599 
  -0.182965 	 -0.957527 	 0.222858 
  -0.117382 	 0.724635 	 0.679063 
  -0.473837 	 0.437625 	 0.764175 
  -0.934413 	 0.284326 	 -0.214550 
  -0.191890 	 0.850440 	 -0.489827 
  -0.634130 	 -0.614126 	 -0.469818 
  -0.349668 	 -0.050658 	 0.935503 
  0.166367 	 -0.619001 	 -0.767567 
  -0.892925 	 0.331388 	 -0.304740 
  0.637067 	 -0.196715 	 -0.745284 
  -0.471299 	 0.635611 	 -0.611454 
  0.674502 	 0.578316 	 -0.458909 
  0.962506 	 -0.263337 	 -0.065088 
  -0.925259 	 -0.377230 	 -0.039921 
  0.945054 	 -0.303756 	 -0.120853 
  0.966286 	 0.257228 	 0.011235 
  0.820372 	 0.471660 	 0.323305 
  0.435202 	 0.432789 	 -0.789489 
  -0.200368 	 -0.572865 	 -0.794782 
  -0.098493 	 -0.725221 	 -0.681435 
  -0.123836 	 -0.575032 	 0.808704 
  0.726161 	 0.518554 	 -0.451433 
  -0.801246 	 -0.439548 	 -0.405959 
  0.094410 	 0.851718 	 -0.515426 
  0.712332 	 -0.089174 	 -0.696155 
  0.494504 	 0.682405 	 0.538320 
  -0.251099 	 0.135617 	 -0.958414 
  0.802425 	 0.406290 	 0.437084 
  0.942022 	 0.335525 	 0.004308 
  0.398949 	 0.588957 	 -0.702830 
  0.210123 	 0.030735 	 -0.977192 
  0.784219 	 -0.333143 	 -0.523465 
  0.141587 	 0.967448 	 -0.209755 
  0.772799 	 -0.570935 	 -0.277153 
  0.675002 	 0.291905 	 -0.677616 
  -0.808106 	 -0.461523 	 0.366008 
  -0.083717 	 0.680050 	 0.728371 
  0.030307 	 -0.240623 	 -0.970145 
  -0.992883 	 -0.117623 	 0.018668 
  0.687877 	 -0.406913 	 0.601038 
  -0.007617 	 -0.843877 	 -0.536483 
  -0.424445 	 -0.524028 	 -0.738404 
  -0.651843 	 0.504017 	 -0.566629 
  -0.478432 	 0.360126 	 -0.800882 
  -0.032482 	 -0.755793 	 -0.654004 
  0.045547 	 -0.163670 	 0.985463 
  0.906815 	 0.403993 	 0.120314 
  -0.498479 	 -0.840434 	 -0.212576 
  -0.191026 	 0.540830 	 -0.819153 
  0.533678 	 -0.409307 	 0.740037 
  -0.550682 	 0.247176 	 -0.797279 
  0.659691 	 -0.679335 	 0.321421 
  0.314242 	 0.948689 	 0.035241 
  -0.377360 	 -0.691443 	 0.616040 
  -0.030344 	 0.293337 	 0.955528 
  0.874105 	 -0.355117 	 0.331410 
  -0.225612 	 -0.971328 	 -0.074981 
  -0.928421 	 -0.367863 	 0.052076 
  0.594080 	 0.766011 	 0.245552 
  0.025989 	 0.957288 	 0.287965 
  0.056521 	 -0.901693 	 -0.428668 
  0.574215 	 0.777857 	 -0.255374 
  -0.316962 	 -0.334741 	 0.887403 
  0.653072 	 -0.662436 	 -0.366982 
  0.913384 	 0.404875 	 0.042497 
  -0.752793 	 0.651339 	 0.095187 
  0.473257 	 0.880853 	 0.011205 
  0.758811 	 -0.548960 	 -0.350496 
  -0.290561 	 0.956749 	 -0.014324 
  0.128195 	 0.519483 	 -0.844810 
  -0.996460 	 0.036418 	 0.075766 
  -0.755081 	 -0.653506 	 -0.052742 
  0.036728 	 -0.460860 	 0.886713 
  0.500619 	 0.851233 	 0.157427 
  0.191360 	 0.335830 	 -0.922280 
  -0.106651 	 0.108259 	 0.988385 
  0.269642 	 -0.937540 	 0.219798 
  -0.795190 	 0.281156 	 0.537238 
  -0.745728 	 0.200548 	 0.635350 
  -0.653986 	 -0.301043 	 -0.694028 
  -0.406910 	 -0.632248 	 0.659308 
  -0.900402 	 -0.137584 	 0.412732 
  0.136468 	 0.737153 	 0.661802 
  -0.799357 	 -0.076376 	 0.595982 
  0.376549 	 0.366157 	 0.850964 
  -0.519369 	 -0.794555 	 0.314545 
  -0.431519 	 0.417831 	 -0.799505 
  0.219049 	 0.462809 	 0.858967 
  0.107329 	 -0.225148 	 -0.968395 
  0.933044 	 0.217459 	 0.286600 
  0.532123 	 0.842287 	 0.086011 
  0.067985 	 -0.826626 	 0.558629 
  0.635207 	 -0.351008 	 -0.687972 
  0.674478 	 -0.270460 	 -0.686972 
  0.086195 	 0.225208 	 0.970491 
  0.106790 	 -0.688896 	 0.716950 
  0.600229 	 0.552086 	 0.578728 
  0.072803 	 0.932353 	 0.354143 
  0.609821 	 0.121762 	 0.783130 
  -0.632789 	 -0.771981 	 -0.060203 
  -0.711626 	 -0.297475 	 -0.636473 
  0.312930 	 0.910910 	 0.268920 
  -0.381688 	 -0.149154 	 -0.912177 
  0.008720 	 -0.009835 	 0.999914 
  -0.981566 	 0.174750 	 0.077394 
  0.368601 	 0.863766 	 -0.343573 
  -0.268090 	 -0.034070 	 -0.962791 
  0.189225 	 0.447344 	 -0.874115 
  0.406548 	 -0.879704 	 0.246658 
  0.169975 	 0.928280 	 0.330765 
  -0.068012 	 0.295833 	 -0.952815 
  -0.302200 	 0.316229 	 0.899263 
  0.338952 	 -0.937264 	 0.081529 
  -0.925769 	 0.012943 	 -0.377869 
  0.507145 	 0.623778 	 0.594731 
  -0.757779 	 0.436976 	 -0.484586 
  0.067114 	 0.368460 	 0.927218 
  -0.708290 	 0.499291 	 -0.499032 
  -0.374493 	 -0.774961 	 0.509108 
  -0.857848 	 -0.440988 	 -0.263870 
  -0.323748 	 -0.945685 	 0.029444 
  -0.070936 	 -0.908938 	 0.410853 
  -0.460022 	 0.520679 	 -0.719217 
  -0.068530 	 -0.301921 	 0.950867 
  0.627070 	 -0.573930 	 -0.526676 
  -0.334938 	 -0.909607 	 0.245829 
  0.729472 	 0.615200 	 -0.298998 
  0.733121 	 0.534946 	 0.419960 
  -0.292537 	 -0.264864 	 0.918841 
  0.161027 	 -0.534163 	 0.829904 
  0.872568 	 -0.027563 	 -0.487714 
  -0.201122 	 0.975831 	 -0.085466 
  -0.504176 	 0.842097 	 0.191519 
  0.187422 	 0.943955 	 -0.271703 
  0.448469 	 -0.783211 	 -0.430646 
  -0.972901 	 0.131145 	 -0.190432 
  -0.789287 	 -0.576150 	 -0.212314 
  0.849617 	 -0.421416 	 -0.317111 
  0.625734 	 -0.759035 	 -0.179787 
  -0.932409 	 -0.194311 	 0.304725 
  0.720386 	 0.573464 	 -0.390108 
  -0.794932 	 -0.518347 	 0.315276 
  -0.254171 	 0.597346 	 -0.760641 
  0.886515 	 -0.462220 	 -0.021067 
  -0.214395 	 0.332659 	 0.918353 
  0.477598 	 0.103516 	 0.872459 
  0.061104 	 -0.916345 	 0.395701 
  0.496972 	 -0.231093 	 -0.836430 
  0.596913 	 -0.800722 	 0.050392 
  -0.515309 	 0.108392 	 0.850122 
  0.333791 	 -0.384685 	 -0.860582 
  -0.409396 	 0.488004 	 -0.770874 
  0.569775 	 -0.007089 	 -0.821770 
  0.334189 	 0.543358 	 0.770117 
  0.026934 	 0.693177 	 -0.720264 
  -0.262670 	 0.526941 	 -0.808293 
  -0.713121 	 -0.197449 	 0.672660 
  -0.703552 	 -0.708606 	 -0.053767 
  0.199263 	 0.580770 	 -0.789304 
  0.787640 	 0.228916 	 0.572032 
  -0.747942 	 0.274803 	 0.604207 
  -0.300925 	 0.194997 	 -0.933499 
  0.350658 	 -0.892962 	 -0.282239 
  -0.773400 	 -0.461235 	 0.434874 
  -0.285222 	 -0.606306 	 -0.742321 
  0.557831 	 -0.795628 	 -0.236221 
  0.614978 	 0.433492 	 0.658701 
  -0.534837 	 0.833258 	 -0.140111 
  0.224669 	 0.913211 	 -0.339955 
  0.974998 	 -0.140900 	 0.171830 
  -0.878323 	 -0.443913 	 -0.177453 
  -0.864687 	 0.251934 	 0.434563 
  0.162084 	 -0.635909 	 0.754552 
  -0.053600 	 0.988080 	 0.144309 
  0.819099 	 0.030594 	 0.572836 
  -0.608539 	 0.115774 	 0.785033 
  0.784687 	 0.595585 	 0.171885 
  0.175739 	 -0.189722 	 -0.965982 
  0.715522 	 0.323277 	 -0.619291 
  0.578700 	 0.356276 	 0.733604 
  -0.796467 	 0.207441 	 0.567986 
  -0.638744 	 0.667007 	 0.383545 
  0.982564 	 0.152189 	 -0.106798 
  0.687709 	 0.551872 	 0.471691 
  -0.414624 	 -0.639231 	 -0.647666 
  0.928642 	 -0.315182 	 -0.195665 
  0.310605 	 0.332615 	 0.890444 
  -0.237122 	 0.047650 	 0.970311 
  -0.801020 	 0.583297 	 -0.134657 
  -0.647683 	 0.617960 	 -0.445681 
  -0.434531 	 0.197043 	 -0.878838 
  -0.032064 	 -0.801633 	 -0.596955 
  -0.231565 	 -0.191291 	 -0.953827 
  -0.301979 	 0.638099 	 0.708264 
  -0.259276 	 -0.472083 	 -0.842564 
  -0.251408 	 0.260744 	 0.932098 
  -0.132307 	 0.891472 	 0.433328 
  -0.470595 	 0.743041 	 0.475847 
  0.457430 	 0.073041 	 -0.886241 
  -0.834175 	 -0.505805 	 -0.219802 
  0.785661 	 0.473182 	 0.398541 
  -0.763147 	 -0.067431 	 -0.642697 
  0.456594 	 0.885827 	 0.082656 
  0.151289 	 0.521934 	 0.839462 
  0.975247 	 -0.069293 	 -0.209981 
  0.680137 	 -0.619772 	 0.391529 
  -0.467243 	 0.739031 	 -0.485302 
  0.695993 	 0.140688 	 -0.704131 
  -0.593043 	 -0.725827 	 -0.348533 
  0.013410 	 -0.689180 	 0.724466 
  -0.928983 	 0.152884 	 0.337070 
  0.836252 	 0.545407 	 0.056691 
  0.635774 	 0.362049 	 0.681698 
  -0.106542 	 -0.817208 	 -0.566409 
  0.084545 	 0.497495 	 0.863337 
  -0.644794 	 -0.645762 	 0.408940 
  0.206126 	 0.516000 	 -0.831418 
  0.553600 	 0.757781 	 -0.345391 
  0.674317 	 0.512774 	 0.531375 
  0.405680 	 0.506058 	 -0.761137 
  0.537607 	 -0.496368 	 -0.681614 
  0.115052 	 -0.437053 	 0.892047 
  -0.299601 	 -0.692779 	 -0.655969 
  0.271717 	 0.394850 	 0.877646 
  0.406654 	 0.862622 	 0.300859 
  -0.844195 	 0.478201 	 -0.242196 
  0.840482 	 0.097878 	 0.532925 
  -0.270415 	 -0.789344 	 -0.551191 
  -0.320655 	 0.024683 	 -0.946874 
  -0.765470 	 -0.643048 	 0.023324 
  -0.652192 	 -0.753532 	 0.082682 
  0.901315 	 -0.195324 	 0.386626 
  0.153609 	 -0.980891 	 0.119399 
  0.730968 	 0.110720 	 0.673369 
  -0.477518 	 0.686048 	 -0.548921 
  0.208029 	 -0.723920 	 -0.657772 
  -0.933661 	 0.104184 	 -0.342671 
  -0.599903 	 -0.799259 	 0.036067 
  0.044689 	 -0.390784 	 0.919397 
  -0.259186 	 0.772828 	 -0.579275 
  -0.069984 	 -0.994420 	 -0.078933 
  0.997149 	 0.040571 	 0.063623 
  -0.387818 	 0.022721 	 0.921456 
  -0.899270 	 0.249254 	 -0.359424 
  0.767968 	 -0.637915 	 -0.057354 
  -0.077007 	 -0.216388 	 0.973266 
  -0.193282 	 -0.734266 	 -0.650765 
  -0.887979 	 -0.355650 	 -0.291559 
  -0.011147 	 0.435666 	 -0.900039 
  -0.512395 	 -0.748299 	 -0.421308 
  0.508493 	 0.778085 	 0.368808 
  0.549454 	 -0.466241 	 0.693339 
  -0.795628 	 -0.354125 	 -0.491500 
  -0.151016 	 0.181515 	 -0.971724 
  0.803632 	 0.109630 	 -0.584941 
  0.466809 	 0.467234 	 0.750854 
  -0.370822 	 -0.885295 	 -0.280614 
  0.367864 	 0.907129 	 -0.204436 
  -0.238158 	 0.682531 	 0.690965 
  -0.311373 	 0.934838 	 -0.170658 
  -0.764665 	 -0.206210 	 0.610545 
  -0.024894 	 -0.011582 	 -0.999623 
  0.692067 	 -0.173652 	 -0.700634 
  0.196167 	 0.857556 	 0.475517 
  -0.100967 	 -0.131822 	 0.986118 
  -0.754596 	 0.622663 	 -0.207063 
  -0.589885 	 0.782819 	 -0.198066 
  0.477881 	 -0.260401 	 0.838940 
  0.648749 	 0.670434 	 0.360060 
  0.308932 	 0.263381 	 0.913888 
  0.311812 	 -0.633575 	 0.708065 
  -0.148100 	 -0.329006 	 0.932642 
  0.977073 	 0.109271 	 0.182721 
  0.124004 	 -0.736192 	 -0.665315 
  0.224905 	 -0.890704 	 -0.395050 
  -0.927823 	 0.233481 	 0.290913 
  0.156888 	 0.676061 	 0.719950 
  0.006973 	 0.911543 	 -0.411145 
  0.866628 	 -0.107583 	 0.487218 
  0.125816 	 0.906944 	 0.402023 
  -0.155778 	 -0.794067 	 0.587530 
  0.549383 	 0.835336 	 0.019788 
  -0.118412 	 0.447874 	 0.886221 
  0.686856 	 0.714717 	 0.131942 
  -0.201029 	 -0.020108 	 0.979379 
  0.502813 	 0.398632 	 0.766989 
  0.052343 	 -0.735747 	 0.675231 
  -0.265631 	 0.961783 	 0.066432 
  0.051833 	 0.404710 	 -0.912975 
  0.691018 	 -0.692813 	 -0.206166 
  -0.068820 	 0.905233 	 -0.419305 
  0.475161 	 -0.609663 	 0.634455 
  0.791227 	 0.604894 	 0.089796 
  0.931782 	 0.275137 	 0.236817 
  -0.392672 	 -0.917068 	 0.069251 
  -0.362407 	 0.931785 	 -0.020939 
  0.351443 	 0.469993 	 -0.809688 
  0.851469 	 0.277626 	 -0.444887 
  -0.129845 	 -0.878554 	 0.459655 
  0.495364 	 -0.816924 	 -0.295380 
  0.603702 	 0.675450 	 0.423451 
  -0.183914 	 0.959797 	 0.212053 
  -0.876066 	 0.398917 	 0.270875 
  0.953407 	 -0.052627 	 0.297062 
  0.819308 	 0.539092 	 -0.195229 
  -0.111381 	 -0.035309 	 -0.993150 
  -0.439152 	 -0.895301 	 -0.074707 
  -0.735068 	 0.640679 	 0.221824 
  0.235972 	 -0.658197 	 -0.714908 
  0.821528 	 -0.231403 	 0.521099 
  0.299633 	 -0.942844 	 0.145829 
  -0.418076 	 -0.720529 	 0.553219 
  -0.359092 	 0.417830 	 -0.834549 
  -0.814181 	 -0.289866 	 0.503079 
  0.199166 	 -0.479471 	 -0.854658 
  0.043354 	 0.170881 	 -0.984337 
  0.272967 	 -0.435478 	 -0.857816 
  0.828084 	 -0.145274 	 0.541455 
  0.910797 	 0.411301 	 -0.035790 
  -0.702084 	 0.691693 	 -0.169233 
  -0.644578 	 0.388847 	 -0.658268 
  0.715793 	 0.438119 	 -0.543776 
  -0.353984 	 0.090679 	 0.930845 
  -0.240497 	 -0.306687 	 -0.920926 
  -0.191686 	 -0.438096 	 -0.878253 
  -0.754001 	 0.521471 	 0.399439 
  -0.028795 	 0.437475 	 0.898770 
  -0.753539 	 -0.327276 	 -0.570149 
  0.518366 	 -0.379473 	 -0.766353 
  -0.594271 	 -0.689558 	 -0.413947 
  0.827967 	 -0.543002 	 0.140066 
  -0.470820 	 -0.388869 	 -0.791902 
  -0.180146 	 0.930566 	 -0.318738 
  -0.248139 	 -0.897323 	 -0.365018 
  0.960473 	 -0.116907 	 0.252633 
  -0.858128 	 -0.513053 	 0.019816 
  0.831363 	 0.160479 	 -0.532054 
  0.632376 	 -0.044345 	 -0.773391 
  -0.659054 	 -0.164512 	 -0.733882 
  -0.845079 	 -0.087021 	 0.527512 
  0.815900 	 -0.238541 	 -0.526693 
  0.524508 	 0.825481 	 -0.208502 
  -0.318768 	 0.104486 	 -0.942056 
  0.515209 	 -0.145613 	 0.844604 
  0.499018 	 -0.001568 	 -0.866590 
  0.972239 	 -0.016255 	 0.233426 
  0.384108 	 0.892986 	 0.234598 
  -0.039258 	 -0.477707 	 -0.877642 
  0.909267 	 -0.016149 	 -0.415901 
  0.866099 	 -0.252796 	 0.431239 
  0.365257 	 0.916719 	 0.161905 
  -0.498688 	 0.490963 	 0.714329 
  -0.568840 	 -0.785279 	 0.244456 
  0.267757 	 0.857644 	 0.439037 
  -0.301748 	 -0.123170 	 0.945398 
  -0.670798 	 -0.686747 	 0.280014 
  -0.342552 	 -0.638250 	 -0.689416 
  -0.680190 	 -0.366577 	 0.634793 
  -0.013881 	 0.075181 	 -0.997073 
  0.139845 	 0.361684 	 0.921753 
  0.626817 	 0.758628 	 0.177718 
  -0.250019 	 -0.934292 	 0.254144 
  -0.718383 	 -0.517639 	 0.464732 
  0.426082 	 -0.788502 	 0.443529 
  -0.948516 	 0.236439 	 0.210747 
  -0.709007 	 0.705150 	 -0.008509 
  -0.750059 	 0.599278 	 -0.279781 
  -0.124816 	 0.987791 	 -0.093220 
  0.991115 	 -0.108377 	 -0.077102 
  0.794510 	 -0.573577 	 -0.199407 
  0.218902 	 0.700682 	 0.679063 
  -0.927079 	 -0.117090 	 -0.356111 
  -0.851999 	 -0.520496 	 -0.056408 
  -0.305089 	 -0.158445 	 -0.939051 
  -0.197270 	 0.500823 	 0.842770 
  -0.846319 	 0.385863 	 -0.367226 
  0.939373 	 0.332482 	 0.083872 
  0.843788 	 -0.531556 	 -0.073961 
  -0.681446 	 0.408383 	 0.607334 
  0.177754 	 0.009889 	 0.984025 
  0.772794 	 -0.539713 	 0.333915 
  0.469153 	 -0.420368 	 0.776651 
  0.408905 	 0.053935 	 0.910981 
  0.432444 	 0.221347 	 -0.874070 
  -0.907688 	 -0.246674 	 -0.339492 
  0.919455 	 -0.393161 	 -0.005085 
  0.791096 	 0.109730 	 0.601770 
  -0.145781 	 -0.977059 	 0.155250 
  0.285431 	 0.524344 	 -0.802242 
  0.631058 	 0.195579 	 -0.750677 
  -0.380222 	 0.892638 	 -0.242133 
  0.860627 	 0.482726 	 -0.162164 
  -0.960984 	 0.220156 	 -0.167455 
  -0.377342 	 0.637126 	 0.672074 
  -0.075379 	 -0.507598 	 0.858290 
  0.195706 	 -0.404649 	 0.893285 
  -0.534879 	 -0.768490 	 -0.351180 
  -0.180259 	 -0.927429 	 -0.327691 
  0.076109 	 -0.307137 	 0.948617 
  0.166021 	 0.797068 	 0.580621 
  -0.930785 	 -0.269665 	 0.246819 
  -0.132658 	 0.819552 	 0.557437 
  -0.399084 	 0.350146 	 -0.847425 
  0.895671 	 -0.271892 	 0.351921 
  0.317324 	 -0.810721 	 -0.491972 
  -0.287590 	 -0.240536 	 -0.927057 
  0.979246 	 0.020427 	 -0.201643 
  -0.210274 	 0.882992 	 0.419655 
  0.797755 	 0.313405 	 0.515136 
  -0.336912 	 -0.799943 	 -0.496569 
  -0.577769 	 0.235770 	 0.781406 
  0.621201 	 0.689291 	 -0.372809 
  0.069413 	 0.925554 	 -0.372199 
  0.468031 	 0.544602 	 0.695957 
  -0.783924 	 0.243662 	 -0.571045 
  0.831050 	 0.539614 	 0.134804 
  0.595531 	 -0.722332 	 0.351537 
  -0.602882 	 0.797200 	 -0.031698 
  -0.473691 	 0.880031 	 -0.034075 
  0.572886 	 0.417980 	 -0.705049 
  0.855512 	 -0.330774 	 0.398355 
  0.240616 	 0.245145 	 0.939153 
  -0.523129 	 -0.247149 	 0.815631 
  0.243642 	 -0.219505 	 0.944699 
  -0.368186 	 0.578026 	 0.728234 
  0.201562 	 -0.944765 	 0.258443 
  0.906492 	 -0.401714 	 0.129994 
  0.275372 	 0.776760 	 0.566404 
  -0.888196 	 0.459124 	 0.017699 
  0.865383 	 0.115740 	 -0.487562 
  0.493634 	 0.145589 	 -0.857397 
  0.827401 	 -0.304126 	 0.472138 
  -0.392741 	 0.879793 	 0.267801 
  0.490861 	 0.860207 	 -0.138199 
  -0.875513 	 -0.320708 	 -0.361418 
  -0.943103 	 0.302099 	 -0.138901 
  -0.681882 	 -0.718179 	 0.138768 
  0.862809 	 0.020514 	 0.505113 
  -0.084497 	 0.619940 	 -0.780086 
  -0.168758 	 0.667722 	 0.725030 
  -0.004654 	 -0.163121 	 -0.986595 
  0.265273 	 -0.291361 	 0.919097 
  -0.320489 	 -0.526499 	 0.787455 
  0.564408 	 -0.339138 	 0.752615 
  0.176004 	 0.975946 	 -0.128657 
  0.068942 	 -0.237501 	 0.968938 
  -0.155870 	 -0.508729 	 0.846699 
  0.914286 	 0.094784 	 0.393823 
  0.982130 	 0.181568 	 0.049525 
  -0.552765 	 0.317858 	 -0.770336 
  -0.215115 	 -0.252572 	 0.943363 
  -0.413644 	 0.278854 	 -0.866683 
  -0.565476 	 -0.799604 	 -0.202161 
  0.875197 	 0.475127 	 0.091026 
  -0.842060 	 -0.311703 	 0.440201 
  0.528181 	 -0.842781 	 -0.103654 
  0.103772 	 -0.994144 	 0.030161 
  0.318966 	 -0.865781 	 -0.385596 
  0.118120 	 -0.588714 	 0.799665 
  0.409577 	 0.522395 	 0.747897 
  0.507676 	 0.651856 	 -0.563337 
  -0.381280 	 -0.119200 	 0.916743 
  0.190956 	 0.774465 	 -0.603108 
  -0.464224 	 -0.874000 	 -0.143598 
  -0.846104 	 -0.146161 	 -0.512587 
  0.258486 	 0.003792 	 0.966008 
  -0.597572 	 0.793873 	 -0.112577 
  0.522625 	 0.492371 	 0.696013 
  0.879291 	 0.381658 	 -0.284930 
  -0.767918 	 -0.004657 	 0.640532 
  0.196952 	 -0.265668 	 -0.943732 
  0.903186 	 -0.317789 	 -0.288559 
  0.702709 	 0.673683 	 -0.228802 
  0.520237 	 -0.734294 	 -0.436080 
  0.699181 	 0.333649 	 0.632316 
  -0.530015 	 -0.703395 	 0.473624 
  0.178078 	 0.708694 	 -0.682672 
  -0.937934 	 -0.325096 	 0.120803 
  0.135768 	 0.442480 	 0.886441 
  0.603216 	 -0.388218 	 0.696719 
  -0.824694 	 0.316295 	 0.468867 
  0.264392 	 0.926225 	 -0.268708 
  0.450335 	 0.605915 	 0.655794 
  0.638157 	 -0.430613 	 -0.638222 
  0.204400 	 0.110888 	 -0.972587 
  -0.535267 	 0.712429 	 0.453799 
  -0.819462 	 0.172124 	 -0.546677 
  -0.877204 	 -0.248774 	 -0.410639 
  0.791874 	 0.035929 	 -0.609626 
  -0.187836 	 -0.849147 	 0.493626 
  0.770653 	 0.278920 	 -0.572973 
  0.461909 	 -0.836360 	 0.295198 
  -0.663012 	 -0.368980 	 -0.651359 
  0.234964 	 -0.128031 	 -0.963535 
  -0.754141 	 0.556174 	 -0.349201 
  0.526899 	 0.072285 	 -0.846848 
  -0.593492 	 -0.795596 	 -0.121633 
  -0.875057 	 0.079336 	 -0.477473 
  -0.381976 	 -0.913076 	 -0.142779 
  -0.286457 	 0.946793 	 0.146716 
  -0.806352 	 -0.588028 	 -0.063408 
  -0.812251 	 -0.155060 	 0.562321 
  0.613179 	 0.727376 	 -0.308117 
  0.350570 	 0.765639 	 0.539349 
  0.128489 	 0.154070 	 0.979670 
  0.489414 	 -0.844208 	 0.218603 
  -0.037780 	 -0.996423 	 0.075596 
  -0.704380 	 0.031525 	 -0.709122 
  0.401059 	 -0.908404 	 0.118126 
  0.036238 	 -0.955681 	 -0.292166 
  0.265311 	 -0.131824 	 0.955109 
  0.125904 	 -0.437259 	 -0.890479 
  -0.874400 	 -0.304119 	 0.378068 
  -0.770974 	 -0.141559 	 -0.620935 
  0.733723 	 -0.368795 	 -0.570649 
  -0.772017 	 -0.508156 	 -0.381795 
  -0.991044 	 -0.031926 	 0.129660 
  0.545994 	 0.148425 	 0.824537 
  -0.531099 	 0.394337 	 -0.749955 
  0.877503 	 -0.271462 	 -0.395344 
  0.537276 	 0.304641 	 -0.786465 
  -0.510529 	 0.550186 	 0.660799 
  -0.618189 	 -0.626129 	 0.475189 
  0.993446 	 0.032570 	 -0.109565 
  -0.720044 	 -0.400878 	 0.566422 
  0.815637 	 -0.575275 	 0.061599 
  -0.324028 	 -0.874026 	 -0.362055 
  0.440516 	 0.661573 	 -0.606849 
  0.798947 	 -0.590124 	 -0.115920 
  0.296917 	 -0.557589 	 0.775200 
  -0.373013 	 -0.028607 	 -0.927385 
  -0.705256 	 -0.472115 	 -0.528886 
  -0.639919 	 0.267499 	 0.720380 
  0.729341 	 0.665985 	 -0.156603 
  0.346151 	 0.550935 	 -0.759375 
  -0.797669 	 -0.576422 	 0.177372 
  0.118150 	 0.980323 	 0.158135 
  0.470310 	 -0.312803 	 -0.825205 
  -0.496772 	 0.216292 	 -0.840497 
  0.412606 	 0.316268 	 -0.854243 
  0.655427 	 0.478076 	 -0.584687 
  0.354110 	 0.186445 	 -0.916430 
  0.435263 	 0.665196 	 0.606680 
  -0.735591 	 -0.319742 	 0.597219 
  -0.658347 	 0.749691 	 -0.067394 
  0.894814 	 0.432124 	 -0.112142 
  -0.424901 	 0.885142 	 0.189692 
  0.073134 	 -0.157361 	 -0.984829 
  -0.192522 	 0.785697 	 0.587891 
  -0.155336 	 -0.905716 	 -0.394398 
  0.933413 	 -0.352823 	 0.065236 
  0.749696 	 0.158304 	 -0.642570 
  -0.770527 	 -0.351231 	 0.531907 
  0.899341 	 0.296329 	 -0.321519 
  -0.659463 	 -0.563853 	 0.497170 
  -0.336762 	 -0.750660 	 -0.568419 
  0.152705 	 -0.969310 	 -0.192662 
  -0.582950 	 0.714520 	 0.386821 
  -0.214555 	 -0.114424 	 0.969986 
  0.577597 	 -0.556962 	 -0.596804 
  0.524531 	 0.849693 	 -0.053762 
  -0.751202 	 -0.531319 	 0.391657 
  -0.128722 	 0.520022 	 0.844398 
  0.815199 	 -0.535778 	 0.219983 
  0.934432 	 -0.254946 	 -0.248675 
  -0.675512 	 -0.537589 	 -0.504660 
  -0.345112 	 0.933242 	 -0.099782 
  0.457475 	 -0.527734 	 -0.715691 
  -0.587757 	 0.791079 	 0.169516 
  -0.475234 	 -0.730108 	 -0.491015 
  0.041030 	 -0.576921 	 0.815769 
  -0.270799 	 -0.542139 	 -0.795458 
  -0.973754 	 0.050443 	 -0.221944 
  0.338704 	 0.847551 	 0.408578 
  -0.010543 	 -0.887295 	 -0.461083 
  -0.007241 	 -0.934666 	 0.355454 
  0.343216 	 -0.934301 	 -0.096353 
  0.076125 	 0.803594 	 -0.590289 
  -0.950557 	 -0.261544 	 0.167441 
  -0.523749 	 -0.313119 	 -0.792239 
  0.454034 	 -0.812099 	 0.366535 
  -0.713247 	 0.695587 	 -0.086246 
  0.050239 	 0.563863 	 -0.824339 
  0.921165 	 -0.053525 	 0.385473 
  -0.251382 	 0.843342 	 0.474953 
  0.193625 	 -0.946076 	 -0.259710 
  -0.180459 	 0.809135 	 -0.559226 
  -0.725849 	 0.255043 	 -0.638824 
  0.753207 	 0.652546 	 -0.082839 
  -0.807953 	 0.369602 	 -0.458918 
  -0.538900 	 -0.384380 	 -0.749559 
  -0.218237 	 0.173330 	 0.960380 
  0.016525 	 0.838811 	 -0.544172 
  -0.261024 	 -0.842258 	 0.471665 
  -0.538517 	 -0.796199 	 -0.275803 
  -0.674696 	 0.094607 	 -0.732008 
  0.361608 	 -0.010185 	 0.932275 
  -0.435657 	 0.854833 	 -0.281894 
  -0.057365 	 -0.867411 	 0.494275 
  -0.109785 	 0.726937 	 -0.677871 
  -0.677724 	 0.122861 	 0.724980 
  -0.266124 	 0.272377 	 -0.924656 
  0.723131 	 0.252071 	 0.643072 
  -0.420114 	 -0.086140 	 -0.903374 
  -0.874729 	 0.068610 	 0.479731 
  0.952374 	 0.258545 	 0.161674 
  -0.753607 	 0.501119 	 -0.425390 
  -0.717405 	 0.678529 	 0.157887 
  -0.572206 	 0.445498 	 -0.688558 
  -0.646966 	 0.166614 	 -0.744093 
  0.856716 	 -0.419360 	 0.300292 
  0.831171 	 -0.162993 	 -0.531590 
  -0.296887 	 -0.795466 	 0.528291 
  -0.996288 	 0.002837 	 -0.086034 
  0.560284 	 -0.812107 	 -0.162986 
  -0.575258 	 0.768467 	 -0.280244 
  -0.676710 	 0.695379 	 0.241891 
  -0.265234 	 -0.942039 	 -0.205458 
  -0.416337 	 -0.885036 	 -0.208264 
  0.149501 	 0.644175 	 -0.750125 
  -0.105763 	 -0.931313 	 0.348526 
  -0.034129 	 0.740874 	 -0.670776 
  0.936181 	 -0.058320 	 -0.346647 
  -0.548415 	 -0.693114 	 -0.467796 
  0.897654 	 -0.188468 	 -0.398369 
  -0.043071 	 0.501096 	 -0.864319 
  0.354148 	 0.109120 	 -0.928801 
  -0.910321 	 0.354621 	 -0.213446 
  0.907479 	 0.022078 	 0.419517 
  0.304908 	 0.945283 	 0.116068 
  -0.100343 	 0.272164 	 0.957005 
  0.915985 	 0.371727 	 -0.150962 
  0.534547 	 0.485893 	 -0.691496 
  -0.289493 	 0.190748 	 0.937981 
  -0.087924 	 -0.172088 	 -0.981150 
  -0.839471 	 -0.517646 	 0.165321 
  -0.544834 	 0.803367 	 0.240329 
  0.458177 	 0.541118 	 -0.705171 
  -0.300478 	 -0.396310 	 -0.867555 
  0.280743 	 -0.274659 	 -0.919644 
  -0.010650 	 0.932257 	 0.361641 
  0.653445 	 -0.756902 	 0.010400 
  -0.883990 	 -0.122328 	 -0.451218 
  0.118704 	 0.835079 	 0.537171 
  -0.662130 	 -0.074636 	 0.745663 
  -0.014550 	 0.233849 	 -0.972164 
  0.704983 	 -0.591714 	 -0.390989 
  -0.675697 	 0.237764 	 -0.697783 
  -0.184927 	 0.733770 	 0.653746 
  0.151044 	 -0.987631 	 -0.042081 
  -0.139293 	 0.333388 	 0.932443 
  -0.650550 	 0.744745 	 -0.148792 
  0.127313 	 -0.785536 	 -0.605578 
  -0.262313 	 0.723079 	 -0.639022 
  -0.702304 	 0.607216 	 0.371561 
  -0.849116 	 0.501705 	 -0.165210 
  -0.025086 	 0.861634 	 0.506909 
  -0.111877 	 0.835966 	 -0.537256 
  0.492973 	 -0.843051 	 -0.215039 
  0.342996 	 -0.680722 	 0.647280 
  0.663900 	 -0.539521 	 0.517836 
  -0.326780 	 0.789427 	 0.519635 
  0.308819 	 -0.619584 	 -0.721628 
  0.416169 	 -0.715959 	 -0.560541 
  -0.010607 	 0.997114 	 0.075178 
  -0.469776 	 0.873683 	 -0.126446 
  0.046994 	 0.149063 	 0.987710 
  -0.611930 	 0.233203 	 -0.755750 
  -0.873789 	 0.155197 	 0.460876 
  0.532050 	 -0.798186 	 0.282527 
  -0.160710 	 -0.689085 	 -0.706636 
  0.644783 	 0.482103 	 0.593154 
  0.677418 	 -0.722871 	 -0.136245 
  -0.848359 	 0.465928 	 0.251391 
  -0.639752 	 0.760871 	 0.108595 
  -0.181517 	 0.764625 	 -0.618386 
  -0.165308 	 -0.176762 	 0.970272 
  -0.723147 	 0.055549 	 0.688457 
  0.045547 	 -0.459739 	 -0.886885 
  -0.335018 	 -0.644055 	 0.687718 
  0.413153 	 0.828435 	 0.378154 
  0.274520 	 -0.366326 	 0.889069 
  -0.494242 	 0.049265 	 -0.867927 
  0.639468 	 0.357608 	 -0.680586 
  -0.033776 	 0.155341 	 -0.987283 
  -0.570255 	 -0.035019 	 0.820721 
  0.564343 	 0.618084 	 0.547255 
  -0.260302 	 -0.390814 	 0.882897 
  0.479509 	 0.021082 	 0.877284 
  0.204498 	 -0.407370 	 -0.890073 
  -0.941583 	 -0.307720 	 -0.136854 
  0.159491 	 -0.967515 	 0.196156 
  0.981568 	 0.188072 	 -0.033959 
  0.043854 	 -0.317450 	 -0.947261 
  0.223272 	 -0.968858 	 -0.107065 
  0.222831 	 -0.974747 	 -0.014684 
  -0.184758 	 -0.630558 	 0.753831 
  -0.995082 	 0.080097 	 -0.058284 
  0.556273 	 0.427227 	 0.712767 
  -0.830263 	 -0.369454 	 -0.417334 
  -0.487637 	 -0.629388 	 -0.605046 
  0.799771 	 -0.111815 	 -0.589800 
  0.022447 	 0.996200 	 -0.084154 
  0.461037 	 0.761094 	 -0.456269 
  0.589758 	 -0.606022 	 0.533782 
  -0.582454 	 0.729168 	 -0.359251 
  0.172842 	 -0.273036 	 0.946349 
  -0.334718 	 0.732950 	 -0.592240 
  0.481008 	 0.469660 	 -0.740304 
  -0.603353 	 0.016865 	 -0.797296 
  -0.208808 	 -0.454324 	 0.866019 
  -0.627854 	 -0.754094 	 -0.192721 
  -0.203614 	 0.468738 	 -0.859550 
  0.534939 	 -0.678776 	 0.503094 
  -0.713131 	 -0.700272 	 0.032608 
  0.821899 	 0.527301 	 0.215489 
  0.200727 	 -0.776025 	 -0.597908 
  0.343217 	 -0.916653 	 -0.204818 
  0.476055 	 -0.488040 	 0.731566 
  0.368341 	 -0.643009 	 -0.671464 
  0.954707 	 -0.105746 	 -0.278122 
  0.922664 	 -0.265485 	 0.279657 
