     0.799579 -0.298273 -0.521255   -0.379600 -0.569416 -0.729157   -0.849737 -0.413929 -0.326511   -0.193230 -0.838603 -0.509321    0.179479 -0.713749  0.677015    0.160994 -0.107949 -0.981034   -0.537529 -0.786490  0.304132   -0.790809 -0.334660 -0.512468 
     0.037251 -0.922446 -0.384325    0.436488  0.157932  0.885740   -0.799774 -0.185605 -0.570887   -0.761452 -0.495162 -0.418336   -0.742164 -0.431268  0.513031   -0.462097 -0.726455 -0.508654   -0.221619 -0.904049 -0.365486   -0.633495 -0.403931 -0.659942 
    -0.398356  0.242340  0.884638    0.173582 -0.332326 -0.927054   -0.596691 -0.598806 -0.534220   -0.872156 -0.286226 -0.396760    0.905889 -0.416755  0.075366   -0.971689 -0.154246 -0.178966   -0.993460 -0.056897  0.098991   -0.435320 -0.898879  0.050124 
    -0.208267 -0.368599 -0.905958   -0.532714 -0.528225 -0.661206   -0.073688  0.928405  0.364190   -0.546425 -0.738061 -0.395835   -0.403685 -0.847966 -0.343501   -0.390401 -0.442131 -0.807532    0.159146 -0.956300 -0.245283    0.578662 -0.156891  0.800335 
    -0.628447 -0.194726 -0.753084   -0.171322 -0.974458  0.145190   -0.652104 -0.710910 -0.263378    0.282119 -0.225162 -0.932583   -0.697843 -0.464973 -0.544807   -0.415849 -0.171756 -0.893067   -0.354974 -0.930843 -0.086748    0.276558 -0.958970 -0.062379 
    -0.020635  0.585024 -0.810753   -0.708064 -0.271919 -0.651694   -0.674293 -0.685155  0.275485    0.013756 -0.372580 -0.927898   -0.432883 -0.652123 -0.622373   -0.768335 -0.575948 -0.279185   -0.519129  0.319379 -0.792781    0.043609 -0.969281  0.242060 
    -0.723925  0.477755  0.497677   -0.526331 -0.383426 -0.758920    0.214672  0.944338 -0.249281    0.497703 -0.848855  0.178147   -0.978869  0.177723  0.101141   -0.613619 -0.780394 -0.120241    0.260964 -0.693932 -0.671085    0.445829 -0.895105 -0.004971 
    -0.931586 -0.338699  0.132025   -0.882487 -0.434425 -0.180256   -0.836744 -0.039722 -0.546151   -0.506652 -0.014451 -0.862029    0.645645 -0.760154 -0.072860   -0.875295  0.478918 -0.067050   -0.928282 -0.370082 -0.036489   -0.056503 -0.872108 -0.486040 
    -0.317647 -0.916778 -0.242111   -0.936496  0.217754 -0.274879   -0.933092 -0.164964 -0.319573   -0.337477 -0.812051 -0.476112   -0.933715 -0.298883 -0.197092   -0.243823 -0.510532 -0.824565   -0.073735 -0.991222 -0.109734   -0.208737 -0.967782 -0.140807 
    -0.169533  0.603415 -0.779197   -0.664759 -0.629044 -0.402987   -0.664173  0.305883 -0.682136   -0.570463  0.428066 -0.700950   -0.369497 -0.317230 -0.873405   -0.076179 -0.260858 -0.962367   -0.833260 -0.552424  0.022468   -0.039993  0.293781 -0.955036 
    -0.806754  0.314302 -0.500362   -0.523263 -0.235033 -0.819119   -0.976036 -0.216698 -0.019868   -0.514108 -0.819294 -0.253871   -0.118358 -0.124954 -0.985078   -0.482918 -0.869053 -0.107411   -0.221070 -0.637121 -0.738380   -0.892227 -0.109341 -0.438151 
    -0.374973 -0.039203 -0.926207   -0.106710 -0.947924 -0.300089   -0.099717 -0.471052 -0.876451    0.192880 -0.898737 -0.393789   -0.250671 -0.222212 -0.942224   -0.035305 -0.015115 -0.999262   -0.583511  0.155594 -0.797061    0.804607  0.226915 -0.548741 
    -0.210088 -0.855051  0.474080   -0.266400  0.218082 -0.938867   -0.829214 -0.545634 -0.121194   -0.080028 -0.631707 -0.771065   -0.728941 -0.684128  0.024756   -0.237862 -0.037959 -0.970557    0.168471  0.195993 -0.966025   -0.970028 -0.199643  0.138520 
     0.204742 -0.949984  0.235820    0.150113 -0.470621 -0.869472   -0.069372 -0.997066  0.032362   -0.763157  0.049222 -0.644336    0.357515 -0.852028  0.382403    0.336268  0.789089 -0.514064    0.486016 -0.198855 -0.851026   -0.289034 -0.726946 -0.622904 
    -0.470214 -0.863479  0.182492   -0.259475 -0.965263  0.030679   -0.752368 -0.638228  0.163117    0.408561 -0.896233 -0.172752   -0.352810  0.109257 -0.929294   -0.866344  0.096743 -0.489989    0.663427 -0.701322 -0.260790   -0.879564 -0.461783  0.114558 
    -0.994934 -0.059019 -0.081382    0.023597 -0.976688 -0.213365   -0.816133 -0.444854  0.368824   -0.777116  0.455787 -0.433992   -0.382481  0.335985 -0.860710    0.339468  0.916901 -0.209891   -0.136880 -0.756899 -0.639036   -0.734237 -0.665898 -0.132197 
     0.283531  0.899115  0.333472   -0.955424 -0.005521 -0.295185   -0.614341 -0.010359 -0.788973   -0.353932 -0.677897  0.644351    0.008645 -0.762725 -0.646666   -0.642321 -0.561018  0.522191    0.774153  0.413675 -0.479124   -0.869996  0.322636 -0.372844 
    -0.608997 -0.777997  0.154411   -0.241085 -0.913047  0.328972   -0.159019  0.106553 -0.981509   -0.426455 -0.547502  0.719985   -0.006312  0.151396 -0.988453    0.371354 -0.895094  0.246787   -0.813505  0.184041  0.551669    0.507865 -0.718449 -0.475294 
    -0.938028  0.000444  0.346558   -0.978662  0.089901 -0.184767    0.514886  0.856575  0.034220   -0.727861  0.685439  0.019800   -0.975208  0.209062 -0.072548   -0.941253  0.336899  0.023264   -0.915831  0.128240 -0.380536    0.925442 -0.176287  0.335380 
     0.114723 -0.990954 -0.069628    0.078524 -0.681700 -0.727406   -0.602536 -0.797822  0.020770    0.214892 -0.897616  0.384847    0.406053 -0.587429 -0.700034   -0.710238 -0.080106 -0.699389    0.069310 -0.203510 -0.976616   -0.879838  0.087690  0.467114 
     0.066688 -0.842987  0.533784    0.081447 -0.832634 -0.547802   -0.136086  0.472708 -0.870648    0.058037 -0.993947  0.093283    0.337865 -0.759378 -0.556051   -0.805345  0.584465  0.099095    0.635880  0.038396 -0.770832    0.710437  0.294585 -0.639139 
    -0.952282 -0.133618  0.274416   -0.997808  0.065491 -0.009449    0.285787 -0.497037 -0.819317   -0.932719  0.330131 -0.145084    0.947894 -0.266843 -0.174047    0.326829 -0.858299 -0.395608   -0.891206 -0.172313  0.419594   -0.460730  0.182380 -0.868600 
    -0.704704  0.582247 -0.405438   -0.415118  0.623360 -0.662646   -0.190796  0.575252  0.795414   -0.069659  0.527093  0.846948    0.470196  0.633007  0.614994   -0.788967 -0.255988  0.558570    0.517919  0.449387 -0.727881   -0.977600  0.047783  0.204974 
    -0.113437  0.993278  0.023045    0.577815 -0.770598  0.268902    0.106327  0.034553 -0.993731   -0.606210 -0.673155  0.423524   -0.731373 -0.571198  0.372595   -0.172033  0.318210 -0.932281   -0.878201  0.411022 -0.244591    0.209471 -0.811630 -0.545324 
     0.028596 -0.547009 -0.836638   -0.788835  0.210402 -0.577469   -0.042726  0.975125 -0.217500    0.396978 -0.110484 -0.911154   -0.848889 -0.313534  0.425539   -0.825523 -0.511636  0.238202   -0.789010 -0.105424  0.605268    0.509777  0.324432  0.796788 
    -0.863680 -0.046440  0.501897   -0.926727  0.332379  0.175220   -0.816655  0.342052  0.464839    0.490288  0.018058 -0.871373    0.290205 -0.030974 -0.956463   -0.324555 -0.925930  0.193177    0.344668 -0.343961 -0.873438    0.292235 -0.929620 -0.224513 
     0.985241 -0.125932 -0.115938    0.108086  0.322348 -0.940430    0.021714  0.456001 -0.889714   -0.811941  0.522826 -0.259624    0.998915 -0.045790  0.008486   -0.795786  0.598305 -0.093578   -0.879641  0.464918  0.100413    0.205216 -0.810332  0.548861 
     0.819626  0.079608  0.567341   -0.418403  0.479537 -0.771352   -0.908342 -0.308976  0.281868   -0.692086  0.160613 -0.703719   -0.690717 -0.230159  0.685520    0.280296  0.109895 -0.953602   -0.183442  0.838712  0.512748    0.808181  0.501253  0.309173 
    -0.630548  0.100175  0.769658   -0.518789  0.848267  0.106308    0.074763  0.675431 -0.733623    0.302875 -0.543838  0.782628    0.669289 -0.222246  0.708984   -0.276034  0.431408 -0.858890   -0.804503  0.478972  0.351228   -0.388097 -0.855519  0.342736 
     0.110984  0.961857  0.250029    0.193284  0.664230  0.722108   -0.339429 -0.410623  0.846272    0.483797  0.255945 -0.836919    0.540785  0.020380  0.840914    0.427606 -0.470621 -0.771796    0.274049  0.548444  0.790004   -0.726894  0.171479  0.664996 
     0.770586 -0.567801 -0.289480   -0.157774 -0.683391  0.712800   -0.457927  0.784081 -0.418951    0.193016  0.422499 -0.885573    0.196651 -0.349369  0.916117    0.198766 -0.613770 -0.764054   -0.079854 -0.809089  0.582236    0.691741 -0.148153 -0.706785 
    -0.099544 -0.958011  0.268897    0.207604 -0.974977  0.079500    0.447331 -0.808009 -0.383427    0.911310 -0.404429 -0.077138   -0.946573  0.183209  0.265393    0.603372 -0.606157 -0.518185    0.916451  0.231431  0.326432    0.585575 -0.807574  0.070190 
     0.349465  0.646405  0.678258    0.941906  0.308343  0.133182   -0.610449  0.792023  0.007171    0.353433 -0.930077  0.100204   -0.350226  0.567608  0.745093   -0.748098  0.026731  0.663049    0.463207  0.868065 -0.178613    0.863829 -0.169428 -0.474440 
    -0.348933 -0.794726  0.496645   -0.305917  0.589338 -0.747727   -0.513419  0.852817 -0.095412    0.562508 -0.464688 -0.683849    0.542393 -0.831775 -0.118158   -0.076222 -0.902412  0.424079   -0.729368  0.635786 -0.252584    0.979097 -0.123964  0.161254 
    -0.892209  0.222393  0.393070    0.518490 -0.813167 -0.264439    0.177221 -0.485126  0.856297   -0.111193  0.965008  0.237478   -0.071241  0.928362 -0.364785   -0.674619 -0.389278  0.627178    0.297754  0.491950 -0.818124   -0.241929  0.915711 -0.320850 
    -0.490571 -0.651942  0.578196   -0.628606  0.569596 -0.529542   -0.728287  0.339333  0.595358    0.683487  0.442016 -0.580920   -0.192571  0.715744 -0.671288    0.454241 -0.656940 -0.601744    0.789070  0.606145  0.099784   -0.058317  0.742352 -0.667468 
     0.590872 -0.095509 -0.801092    0.628169  0.747427 -0.216232    0.308105  0.283938 -0.907993   -0.880704  0.366759  0.299748   -0.678111  0.595328  0.430988    0.070803 -0.916756  0.393123    0.418466  0.137716 -0.897731   -0.559363 -0.520225  0.645352 
    -0.540666  0.553626 -0.633386    0.026458 -0.742902  0.668877   -0.365863 -0.121170  0.922747    0.752652 -0.265421  0.602550    0.492717 -0.340609 -0.800759    0.840365 -0.541813  0.015008    0.792584  0.579546 -0.189573    0.195773  0.445399  0.873666 
    -0.202582 -0.468958  0.859673   -0.680629  0.667612  0.301726   -0.015732 -0.634672  0.772622    0.386465  0.917772  0.091317    0.920129 -0.044867 -0.389037    0.405993  0.381221 -0.830566   -0.090180 -0.056739  0.994308    0.065778  0.893130 -0.444963 
     0.065408  0.625642  0.777364    0.951410  0.088423 -0.294957    0.474359  0.855101  0.209250   -0.479004 -0.749575  0.456829   -0.348356  0.920118 -0.178971    0.743509 -0.652525 -0.146304   -0.558895  0.793505  0.240802    0.855259  0.015641 -0.517964 
     0.641036  0.061020  0.765081   -0.045485  0.868082  0.494332   -0.230229 -0.758608  0.609516    0.493824  0.728674  0.474523    0.919326 -0.300736  0.253766    0.758588  0.519962 -0.392664    0.352754  0.934588 -0.045929    0.477354  0.632081 -0.610415 
     0.070352  0.762971  0.642593    0.407104  0.491491  0.769872    0.882169  0.139156 -0.449904    0.441367 -0.696955  0.565198    0.286877 -0.004104  0.957959   -0.221451 -0.324850  0.919474    0.626395 -0.680146 -0.380829   -0.396805  0.917489 -0.027551 
    -0.309844  0.837287 -0.450496   -0.793374  0.558823  0.241402    0.969604 -0.057578 -0.237809   -0.672530  0.728436 -0.130710    0.710499  0.698213 -0.087685    0.743221 -0.443037 -0.501339    0.611685 -0.489702  0.621316    0.213296  0.888589 -0.406096 
    -0.698867  0.420375 -0.578680   -0.285191  0.866008  0.410726    0.874421  0.476395  0.091847    0.990537  0.040935  0.131002    0.717639  0.668365  0.195660    0.171145  0.291224  0.941221   -0.409266  0.861934 -0.299284    0.856196 -0.456363  0.242202 
     0.365365  0.851967 -0.375047   -0.164423  0.864835 -0.474368   -0.564347  0.689619 -0.453803    0.595921  0.175768 -0.783571   -0.680076  0.714897  0.162538    0.723054  0.265633  0.637678   -0.669258 -0.084425  0.738218    0.031071 -0.460971  0.886871 
     0.629048 -0.367112  0.685221    0.504094  0.803720 -0.316108    0.614711  0.617279 -0.491017    0.856420  0.306901 -0.415159    0.300512 -0.165724  0.939270    0.665870  0.744987  0.040132    0.696754 -0.704751  0.133638    0.312481 -0.664509  0.678810 
     0.338974 -0.782041  0.522979    0.201165  0.975022  0.094155    0.388381  0.272837  0.880182   -0.117217  0.767540  0.630192    0.692680 -0.665885  0.277114    0.750405 -0.660956  0.005427   -0.503450  0.127584  0.854553    0.887023 -0.014403  0.461501 
     0.840516 -0.517510 -0.160362   -0.274448  0.764687 -0.583037    0.484591 -0.778249  0.399374   -0.240559  0.681735  0.690919    0.792723 -0.077548  0.604629   -0.317127  0.770910  0.552384    0.128546 -0.607194  0.784087    0.249591  0.849380  0.465035 
     0.818223  0.573854 -0.034672   -0.619613  0.722928 -0.305705    0.787775  0.331044  0.519442   -0.189821  0.415386  0.889619    0.847030 -0.379020  0.372671    0.611694 -0.285231 -0.737884   -0.635186  0.306284  0.709034    0.972429 -0.233050 -0.008273 
     0.096693  0.773791 -0.626018   -0.043154  0.838780 -0.542757    0.058416  0.058274  0.996590   -0.621110  0.457155  0.636578    0.157481  0.570658 -0.805946    0.420833  0.835362  0.353653   -0.256647  0.923692  0.284474    0.862065 -0.157743  0.481623 
     0.619891  0.658638  0.426534    0.767639  0.012951 -0.640752    0.864605  0.406601 -0.295186    0.688016 -0.557130  0.465016    0.248352  0.659948 -0.709077    0.571024  0.754768  0.322887    0.753463  0.461122  0.468679    0.155940 -0.015539  0.987644 
    -0.331426  0.442744  0.833147    0.398418  0.552975 -0.731766   -0.497135  0.692761  0.522436   -0.103081 -0.548100  0.830037    0.989166  0.072558 -0.127620   -0.002166  0.988343  0.152229    0.600464  0.331235 -0.727824    0.771027 -0.503103 -0.390391 
     0.350907  0.699274 -0.622800   -0.574076  0.583724  0.574197    0.642340 -0.499800 -0.581033   -0.183586  0.965774 -0.183240    0.508060 -0.306194  0.805059   -0.212205 -0.202774  0.955956    0.594526  0.219034  0.773669   -0.459920 -0.405337  0.790047 
    -0.281765 -0.584247  0.761094   -0.471734  0.395166  0.788232    0.803834 -0.569814  0.170773   -0.235343  0.963512  0.127507    0.193416  0.811107 -0.551992    0.604940  0.776856  0.174764    0.659197  0.552302  0.510316    0.727246  0.140817 -0.671777 
    -0.006589 -0.154830  0.987919    0.202914  0.975420 -0.085917    0.825038 -0.298605  0.479737   -0.580120 -0.359446  0.730930    0.567458  0.818375 -0.090849    0.786188 -0.137527 -0.602490   -0.246353  0.968275 -0.041879   -0.222295  0.136689  0.965350 
    -0.380770  0.916113  0.125507    0.722718  0.137355  0.677357    0.955702  0.240623 -0.169513    0.598649 -0.682324  0.419588   -0.069780  0.107804  0.991720   -0.560306 -0.085023  0.823910    0.851892  0.194552  0.486241    0.488016 -0.447976  0.749104 
    -0.024416  0.378871  0.925127    0.588276  0.534052 -0.607223   -0.489866  0.516282  0.702484    0.883168  0.414509  0.219538    0.700725 -0.324991 -0.635110    0.365332 -0.279501  0.887926    0.534252  0.438170  0.722898    0.623531  0.686687 -0.373723 
     0.003555  0.995967 -0.089647   -0.543118 -0.230883  0.807289    0.872608  0.458005 -0.169665    0.957149 -0.035379  0.287428    0.888391 -0.388408 -0.244747    0.105988  0.918952  0.379861    0.702728 -0.061599  0.708786   -0.404707 -0.250448  0.879482 
    -0.431960  0.802447  0.411691    0.406512  0.028237  0.913209   -0.279180  0.294288  0.914031    0.486520  0.740597 -0.463480    0.724477  0.623867 -0.293125   -0.539957  0.265515  0.798716    0.371640  0.765254  0.525614    0.289243  0.935923  0.200966 
    -0.466058 -0.008879  0.884710    0.458724 -0.133714  0.878461    0.952889 -0.279096  0.118775   -0.116080  0.259361  0.958779   -0.415225  0.868271  0.271465    0.087039  0.957947 -0.273428    0.052551  0.236544  0.970199    0.234556  0.158756  0.959052 
     0.965980  0.170202  0.194715    0.557956 -0.611841  0.560656   -0.396918  0.668205  0.629252    0.923905 -0.203100 -0.324270    0.092788  0.847997  0.521816   -0.565560  0.725560  0.392052    0.158524 -0.187192  0.969448    0.046505 -0.288490  0.956353 
     0.442788 -0.573229  0.689455    0.236175  0.762193  0.602730    0.658635  0.391775  0.642427    0.923334  0.239641 -0.300045    0.308148  0.366209  0.878030   -0.228969 -0.051897  0.972049    0.914150  0.401339 -0.057061    0.083842  0.996282  0.019844 
     0.959800  0.279927 -0.020611    0.765392 -0.541440  0.347876   -0.340471  0.069661  0.937671   -0.073078 -0.349889  0.933936    0.860125 -0.343400 -0.377174   -0.537751  0.810939 -0.230654    0.737696 -0.427314  0.522692   -0.424924  0.713320 -0.557328 
     0.351474 -0.412169  0.840585    0.989608  0.143524  0.008760    0.930352  0.088690  0.355780    0.074276  0.491888  0.867484    0.726269  0.608253  0.320252    0.860264  0.352721  0.368149   -0.057813  0.684544  0.726675    0.570305  0.538966  0.619893 
